9 9 9
9 9 9
9 9 9
0.25 0.555555556 0.28
9 9 9
2 2 2
8 9 9
8 9 9
3 9 3
-1 -1 -1
9 8 9
9 9 8
-1 -1 -1
2 0.36 1
0.22 0.38 0
9 9 9
9 9 9
-1 -1 -1
9 9 9
-1 -1 -1
0.431461855 0.803457837 0.125864938
9 9 0
9 9 9
9 9 9
0.583814743 1.086764706 0.081321286
9 9 0
9 9 0
8 9 0
-1 -1 -1
0.564468279 1.225718533 0.245892287
9 6 9
1 2 9
0.714811113 1.321093461 0.065200879
8 9 8
9 9 9
9 9 0
0 -1 0
9 9 9
9 9 0
0.5430861 0.966737031 0.028676154
9 9 9
9 9 9
9 9 0
0.592549476 1.039305768 0.039231665
9 9 9
9 8 9
0.740171793 1.369583855 0.048508394
9 9 9
9 9 9
9 9 9
9 9 9
9 9 9
9 9 9
9 9 9
-1 -1 -1
9 9 9
9 9 0
9 9 0
9 1 9
9 9 9
0.607683573 1.135297584 0.11998486
1 2 0.07
9 2 0
9 1 0
0.651045337 1.17886006 0
9 0 0
3 7 3
9 9 9
4 1 0
9 9 0
0.7190558 1.449044107 0.083737955
0.565552092 1.016035975 0.021063569
9 9 8
0.665468434 1.214930271 0.072006291
9 9 0
9 9 0
9 9 0
9 9 8
9 9 9
9 2 9
9 2 9
9 9 8
9 9 9
9 9 9
5 9 5
9 3 9
2 1 9
9 9 9
0.47 0.7 0.08
-1 -1 -1
1 9 9
9 9 9
-1 -1 -1
9 9 9
9 9 9
9 9 9
-1 -1 -1
9 9 2
9 1 9
1 9 9
9 9 9
9 9 9
1 9 9
9 2 9
9 9 0
9 9 9
3 9 5
9 9 9
2 9 2
2 9 2
9 9 9
9 9 9
9 0 9
9 9 9
9 9 0
9 9 9
1 8 9
9 0 9
9 9 9
9 2 9
9 9 9
9 9 9
2 0.91 1
2 0.85 0.34
9 4 9
9 9 9
2 2 0.27
9 9 1
2 2 1
-1 -1 -1
2 2 0.25
0 0 9
0.3 0.63 0.21
9 9 9
9 9 9
9 9 8
9 9 9
9 9 9
9 9 9
9 2 9
9 9 9
-1 -1 -1
9 9 9
9 3 9
8 9 9
2 0.56 2
2 2 2
9 9 9
9 9 9
2 9 1
9 9 9
9 9 2
-1 -1 -1
-1 -1 -1
9 9 9
9 9 9
-1 -1 -1
9 9 9
9 9 9
9 9 9
9 9 9
9 9 9
9 9 9
9 1 0
2 0.387096774 0
9 9 0
2 0.433333333 0
9 9 8
9 9 9
9 0 9
9 9 9
9 4 8
-1 -1 -1
-1 -1 -1
9 8 9
9 9 8
9 9 9
1 1 1
9 5 9
9 1 0
9 9 9
2 2 4
2 9 9
9 9 9
1 9 2
9 9 0
9 9 9
9 1 9
9 9 9
9 8 9
2 9 2
9 2 9
-1 -1 -1
2 9 2
1 9 3
9 9 9
9 9 1
9 9 9
9 9 9
9 9 9
9 9 9
9 8 9
9 9 9
9 9 9
9 8 9
9 1 9
9 0 9
1 1 9
9 2 9
9 9 9
9 5 9
9 2 9
9 9 9
0 0 3
-1 -1 -1
5 9 4
9 2 9
8 9 9
1 3 1
4 9 5
9 9 9
9 9 9
-1 -1 -1
9 9 9
9 9 8
9 9 9
-1 -1 -1
-1 -1 -1
-1 -1 -1
-1 -1 -1
-1 -1 -1
-1 -1 -1
0 -2 0
9 4 9
9 9 9
9 9 9
9 9 9
8 9 9
9 -2 9
-1 -1 -1
9 9 9
9 9 9
9 9 8
-1 -1 -1
9 9 9
9 9 9
9 4 9
9 9 9
9 9 9
-1 -1 -1
9 8 9
9 9 9
-1 -1 -1
9 2 9
-1 -1 -1
9 9 0
9 2 9
-1 -1 -1
9 9 9
9 9 9
-1 -1 -1
9 9 1
2 1 1
9 9 9
9 9 9
9 9 0
9 8 9
9 9 9
9 9 8
6 9 2
9 9 9
9 8 9
0 0 9
9 9 9
9 9 9
0 0 9
9 0 9
9 9 9
9 9 9
9 1 6
9 9 9
9 9 9
9 9 9
0 0 9
9 9 9
9 9 9
9 9 9
9 8 9
9 4 9
9 9 9
9 9 9
9 0 9
1 9 3
9 9 5
2 9 2
9 9 9
9 9 9
9 9 4
9 8 8
9 8 9
3 9 9
9 3 9
9 9 9
9 9 9
9 9 9
9 1 9
9 9 9
1 1 4
1 2 9
9 9 9
9 9 9
8 3 9
9 9 9
3 9 3
9 8 9
9 9 9
0.34 1.47826087 0.62
0.36 1 0.58
0.38 1.085714286 0.41
0.41 1.518518519 2
0.3 1.25 0.53
9 1 9
2 9 2
9 9 9
-1 -1 -1
9 2 9
5 2 0
9 1 9
9 9 0
9 9 9
9 1 9
1 9 1
9 9 9
9 9 9
9 9 9
9 9 9
0.31 0.756097561 0.25
9 9 9
0.32 0.62745098 0.11
0.32 0.680851064 2
2 2.230044444 2
9 7 9
9 9 9
9 9 9
8 9 9
9 9 9
-1 -1 -1
9 8 9
9 1 0
9 9 8
9 9 9
8 9 9
9 9 9
9 9 9
9 9 9
2 9 9
9 9 9
9 9 9
9 1 9
9 9 9
9 9 9
9 2 9
9 9 9
9 2 9
4 9 6
-1 -1 -1
9 9 9
9 9 2
9 9 9
1 9 9
0.25 1.04 0.48
-1 -1 -1
9 1 9
1 1 1
2 0.980769231 0.02
0.46 0.836363636 0.12
9 9 9
9 1 9
9 2 9
0.45 0.865384615 0.13
0.52 1.155555556 0.28
0.45 0.818181818 2
9 9 9
0.51 1.040816327 0.17
9 3 4
9 8 9
9 9 9
-1 -1 -1
1 9 1
9 9 9
0.95 1.88 0.06
9 9 9
9 0 9
9 -2 0
9 8 0
9 9 9
2 9 9
2 2 3
9 9 9
-1 -1 -1
9 9 0
9 9 9
9 9 9
9 2 9
-1 -1 -1
9 9 9
9 9 9
9 9 9
3 9 4
9 9 9
9 9 9
-1 -1 -1
9 1 9
9 9 9
9 9 9
9 8 9
9 9 9
-1 -1 -1
9 9 9
9 9 9
-1 -1 -1
9 9 9
-1 -1 -1
9 9 9
9 9 9
2 9 9
9 9 9
9 9 9
-1 -1 -1
9 2 9
1 0.350877193 0.08
1 1 2
9 9 9
9 9 9
9 9 9
-1 -1 -1
1 9 2
9 9 9
9 9 9
9 2 9
9 9 9
-1 -1 -1
9 8 9
9 9 9
1 9 9
9 9 9
-1 -1 -1
9 9 9
-1 -1 -1
9 9 9
9 9 9
-1 -1 -1
-1 -1 -1
9 9 9
9 9 9
1 4 9
9 -2 9
9 9 9
9 9 9
9 9 9
9 9 9
9 9 9
9 9 9
9 9 9
9 9 9
8 9 9
9 5 9
9 9 9
9 9 9
-1 -1 -1
9 9 9
6 9 2
9 9 9
9 9 9
9 9 9
9 9 9
9 9 9
2 9 2
9 8 9
9 2 9
1 9 9
2 2 2
9 2 9
2 0.704545455 2
9 9 9
9 9 0
9 9 9
9 9 9
6 9 4
9 0 9
9 9 9
2 2 9
9 9 8
9 2 9
9 9 0
8 9 9
9 9 9
9 9 9
5 1 7
-1 -1 -1
-1 -1 -1
-1 -1 -1
9 9 9
9 9 1
9 9 9
8 1 8
9 9 9
9 9 9
9 8 9
9 9 9
4 3 9
9 9 9
9 9 9
9 9 9
9 9 9
-1 -1 -1
8 9 9
9 9 8
1 3 1
9 9 9
3 9 3
9 0 9
-1 -1 -1
9 9 9
9 9 9
-1 -1 -1
9 9 9
-1 -1 -1
8 9 9
1 2 0
9 9 9
9 9 9
9 9 9
9 9 9
-1 -1 -1
9 9 9
9 9 9
1 9 3
9 9 9
9 9 8
-1 -1 -1
1 9 9
9 9 9
9 9 8
9 9 9
9 9 9
2 2 0
8 9 9
9 9 1
9 9 9
9 9 9
9 9 0
8 9 9
9 9 9
9 8 9
9 8 9
9 9 9
9 9 9
6 9 6
9 9 9
9 9 9
9 9 9
9 9 9
9 9 9
2 9 2
2 9 3
9 2 9
9 9 9
9 9 9
9 9 9
2 9 2
9 9 9
9 9 9
9 8 9
9 9 9
9 9 8
-1 -1 -1
8 -2 9
9 9 9
-1 -1 -1
9 8 9
9 9 9
9 9 9
9 9 9
9 9 9
9 9 6
-1 -1 -1
9 9 9
9 9 8
9 9 9
-1 -1 -1
-1 -1 -1
9 9 9
9 9 9
-1 -1 -1
9 9 9
-1 -1 -1
-1 -1 -1
9 4 9
9 1 9
9 9 9
9 9 1
9 9 9
9 9 9
9 9 9
2 9 2
9 9 8
9 9 8
8 9 9
2 9 3
9 8 9
9 9 9
9 9 9
9 9 9
9 9 9
9 9 9
3 9 2
2 9 1
-1 -1 -1
9 9 9
-1 -1 -1
9 9 8
9 2 9
9 9 9
9 9 9
1 9 9
-1 -1 -1
9 9 9
9 0 9
9 9 9
8 9 9
9 3 9
9 9 9
1 9 0.22
0.41 0.788461538 0.22
9 9 9
2 0.428571429 1
0.35 0.673076923 0.13
0.29 0.527272727 0.16
0.38 0.655172414 0.14
1 8 9
2 0.3625 0.141772152
9 9 9
3 9 3
9 9 9
4 9 0
9 9 9
-1 -1 -1
9 2 9
2 9 3
9 9 9
9 9 9
-1 -1 -1
-1 -1 -1
9 5 9
0.64 1.28 0.03
0.41 0.719298246 0.07
0.32 0.571428571 0.01
9 9 9
0.49 0.907407407 0.03
9 9 9
0.59 1.229166667 0.18
9 9 9
0.86 1.68627451 2
9 9 9
9 1 9
1 9 9
9 9 9
4 9 9
9 9 9
9 2 9
0 0 9
0.52 0.912280702 2
9 9 9
9 3 9
9 9 9
0.69 1.408163265 0.09
0 0 9
9 0 9
9 1 9
0.47 0.903846154 0.05
0.34 0.618181818 0.02
9 8 9
9 2 9
9 9 9
8 2 9
9 9 9
-1 -1 -1
2 5 9
9 9 8
9 9 9
-1 -1 -1
9 1 9
9 9 9
9 9 9
9 8 9
9 1 9
3 9 9
0.31 0.673913043 1
0.4 0.8 0.21
-1 -1 -1
0.43 0.843137255 0.26
4 9 1
9 9 9
1 9 4
1 1 1
1 9 2
9 9 9
2 9 9
3 9 4
8 9 9
9 9 9
9 9 9
9 9 9
9 9 9
9 9 9
9 9 9
9 9 9
1 9 9
9 9 1
9 9 9
1 2 1
9 8 9
0 0 9
9 9 9
9 2 9
9 9 9
9 4 9
9 6 9
7 3 6
9 9 9
1 0.64516129 2
-1 -1 -1
1 0.571428571 2
9 9 9
-1 -1 -1
0.53 1.472222222 0.42
0.36 0.972972973 0.41
9 9 9
0.3 0.681818182 0.26
9 8 0
9 9 0
0.525206037 1.053004292 0.150379964
-1 -1 -1
-1 -1 -1
0.59 1.053571429 0.11
0.55 1.1 2
2 1.148148148 2
0.57 1.036363636 0.04
-1 -1 -1
9 8 9
9 9 9
9 9 9
9 9 9
9 9 3
2 9 9
9 8 9
-1 -1 -1
9 9 9
9 3 9
-1 -1 -1
9 9 9
-1 -1 -1
-1 -1 -1
9 9 8
9 2 9
9 3 1
9 2 9
9 9 9
9 9 9
9 9 9
9 9 9
9 9 9
9 9 9
9 4 3
1 1 3
9 9 9
-1 -1 -1
9 9 9
9 9 9
9 6 9
9 2 9
-1 -1 -1
-1 -1 -1
9 -2 0
9 9 9
9 9 8
4 9 3
0.52 1.083333333 0.2
9 2 9
9 9 9
-1 -1 -1
-1 -1 -1
5 9 6
9 9 9
0 3 9
9 0 9
0 9 9
9 9 6
9 9 9
0 9 9
2 9 3
-1 -1 -1
9 9 9
9 0 9
2 9 2
9 9 9
2 0.64 2
2 0.67 2
9 9 8
2 9 2
-1 -1 -1
9 1 9
9 9 9
9 9 9
-1 -1 -1
9 9 9
2 9 4
9 9 9
1 1 3
9 9 9
9 7 9
9 9 9
-1 -1 -1
0.36 2 0.31
9 9 9
9 9 9
2 2 0.22
9 9 8
2 2 0.42
3 9 4
9 9 9
1 2 2
1 2 2
2 2 0.36
9 2 9
2 7 9
2 0.76744186 2
-1 -1 -1
-1 -1 -1
9 9 9
2 2 0.19
9 9 9
-1 -1 -1
9 1 9
4 9 4
9 9 8
2 2 2
0.32 0.711111111 0.21
1 3 9
0.406504065 0.833333333 0.182926829
1 9 9
0.51 0.98 9
8 9 9
9 9 9
9 0 9
9 2 9
9 9 9
9 9 9
1 0 0.24
9 5 9
9 5 8
9 9 9
9 2 9
7 9 4
2 0 2
8 9 9
9 9 9
9 9 9
9 9 2
9 9 9
0.1 2 2
9 9 8
8 9 9
9 9 9
8 9 8
9 8 9
9 9 9
9 9 9
9 9 9
9 9 2
9 9 9
9 8 9
9 9 9
8 9 9
-1 -1 -1
9 9 2
9 9 9
9 9 9
9 4 9
9 9 9
9 9 9
9 9 9
9 9 9
9 9 9
9 9 9
9 9 9
9 9 9
9 9 9
9 9 8
3 2 3
9 9 8
1 9 1
0 0 2
5 4 5
1 1 9
0 9 6
0.37 0.770833333 0.22
1 3 1
9 9 9
9 1 9
9 9 9
9 9 9
-1 -1 -1
9 9 9
9 9 9
8 9 9
9 9 8
9 9 9
0.34 1.5625 0
9 9 9
-1 -1 -1
2 1.680384088 0
9 1 9
2 1.5625 0
0.64 1.595567867 2
2 1.610946746 0
9 9 9
9 9 8
9 9 9
9 1 9
9 9 9
-1 -1 -1
9 9 9
-1 -1 -1
1 9 9
9 8 9
-1 -1 -1
0 -2 9
0.34 0.53968254 0
0.48 2 0
9 9 9
9 9 9
-1 -1 -1
8 9 9
1 1 3
-1 -1 -1
9 9 9
9 9 9
1 9 9
8 0 9
-1 -1 -1
9 8 9
9 1 9
9 9 9
9 9 9
9 9 9
9 9 9
-1 -1 -1
9 9 9
9 9 9
9 9 9
8 2 9
9 9 9
1 9 1
9 9 9
9 9 9
9 9 9
9 9 9
9 9 9
9 2 9
9 9 9
9 2 9
9 9 9
9 2 9
9 9 9
3 6 3
9 9 9
8 1 9
9 2 9
1 9 3
9 9 9
9 9 9
9 2 9
0 0 2
9 9 9
9 9 9
9 4 9
9 9 9
9 9 9
9 9 9
9 9 9
9 9 9
8 9 9
8 9 9
9 9 9
9 9 9
-1 -1 -1
9 9 9
9 9 9
-1 -1 -1
9 9 9
9 7 2
1 9 9
9 9 9
-1 -1 -1
9 9 9
9 9 8
9 8 9
8 1 9
9 9 9
9 9 9
9 9 9
-1 -1 -1
9 8 9
9 9 9
9 9 8
1 9 3
7 9 9
9 9 9
6 9 3
9 9 2
9 0 9
9 9 9
9 9 9
9 9 9
9 9 9
9 9 9
9 8 9
9 9 9
9 9 9
9 9 9
9 9 9
9 0 9
-1 -1 -1
9 9 9
9 9 9
-1 -1 -1
1 9 5
9 8 9
0 -2 0
9 8 8
-1 -1 -1
9 1 0
9 9 9
9 9 9
-1 -1 -1
-1 -1 -1
9 9 9
-1 -1 -1
9 8 9
9 9 0
2 9 2
9 9 9
9 9 0
8 0 8
9 9 8
0 2 9
9 9 9
9 9 9
0 9 9
8 1 9
9 2 8
9 9 9
9 9 9
9 9 9
9 9 9
-1 -1 -1
0.21 0.36 0.42
0.22 0.88 0.55
9 9 9
-1 -1 -1
-1 -1 -1
9 9 9
9 9 1
9 9 9
9 9 9
9 9 9
9 9 7
9 9 9
9 8 9
9 9 9
9 1 9
9 9 9
9 9 9
9 9 9
9 9 9
9 9 9
9 2 9
9 4 9
9 9 8
9 9 9
2 2 1
3 9 3
8 9 9
9 9 9
9 9 9
9 9 9
9 9 9
9 0 9
4 9 9
2 2 0.49
0.22 2 2
9 4 9
9 9 9
9 9 9
9 9 0
9 0 9
8 9 9
9 9 9
2 2 1
2 9 4
0.284023669 1.144861452 0.556213018
0.23 0.84 0.52
8 9 9
9 9 9
8 4 9
9 9 9
9 3 9
2 9 9
9 9 9
9 9 9
9 9 9
0 9 1
9 2 9
9 6 9
8 9 9
9 9 9
9 9 9
9 9 0
9 9 9
9 2 9
-1 -1 -1
9 9 9
9 9 9
9 9 9
9 2 9
9 0 9
9 9 9
2 9 9
9 9 9
-1 -1 -1
9 9 9
9 9 9
-1 -1 -1
9 9 9
-1 -1 -1
9 9 9
-1 -1 -1
9 9 9
9 9 9
9 9 9
9 0 9
9 9 8
9 1 9
9 9 2
9 9 9
2 1 2
3 9 2
9 9 9
9 9 2
9 9 9
3 9 3
5 9 5
9 8 9
9 9 9
9 9 9
-1 -1 -1
9 9 9
9 8 9
9 2 9
9 4 9
9 8 8
9 9 9
-1 -1 -1
2 0 1
9 9 9
8 9 9
9 9 9
5 9 2
2 6 2
9 9 9
9 1 9
-1 -1 -1
8 9 9
9 9 9
9 9 9
9 9 9
-1 -1 -1
1 2 0
-1 -1 -1
9 0 9
4 9 2
2 9 9
9 9 9
9 9 9
9 9 9
-1 -1 -1
3 9 2
9 -2 0
2 2 0
9 9 9
9 9 0
-1 -1 -1
0.593457944 0 0.009345794
2 0.94 0
9 9 9
9 3 9
-1 -1 -1
-1 -1 -1
9 9 9
9 3 9
9 9 9
2 9 9
9 1 9
9 9 9
9 9 9
-1 -1 -1
9 9 9
-1 -1 -1
-1 -1 -1
9 2 9
9 9 9
8 2 9
9 9 9
-1 -1 -1
9 9 9
9 9 8
9 2 9
-1 -1 -1
-1 -1 -1
9 0 2
9 1 9
9 1 9
-1 -1 -1
0 9 3
9 9 1
9 8 9
9 3 9
9 9 9
9 9 9
1 0 2
9 9 9
8 9 9
-1 -1 -1
9 9 9
9 5 9
9 9 9
9 9 4
9 9 9
9 9 9
9 9 9
9 9 9
9 9 9
9 9 9
9 1 9
9 8 9
9 9 9
9 9 9
-1 -1 -1
9 9 9
9 9 9
0.49 0.803278689 0
9 9 9
9 9 9
9 9 9
9 9 9
9 9 9
9 8 9
2 2 2
2 0.644067797 0
0.37 0.627118644 2
0.37 0.637931034 2
1 0.862068966 0.03
0.42 0.677419355 0.02
1 9 3
0.51 0.86440678 0.03
9 9 9
6 4 6
9 9 8
9 9 9
9 9 8
9 9 8
9 2 9
9 9 9
9 9 9
9 9 9
9 9 9
9 9 9
-1 -1 -1
9 9 9
9 9 9
9 9 9
9 1 9
9 9 9
9 1 8
5 1 9
9 9 9
9 0 9
-1 -1 -1
9 9 9
9 1 9
9 1 9
9 2 9
9 9 9
0.681697613 1.235576923 0
9 9 9
9 9 9
9 2 9
9 9 9
9 3 9
9 2 9
9 3 9
9 9 9
9 1 9
9 9 9
1 9 1
9 9 9
1 9 9
9 9 9
2 0.59 0.34
2 1 2
2 2 2
9 9 9
9 9 9
9 9 9
-1 -1 -1
3 2 3
9 1 9
9 9 9
9 3 9
9 1 9
2 2 0.47
9 9 0
9 9 9
9 0 0
9 9 9
9 0 9
9 9 9
9 7 9
9 9 9
9 3 9
9 9 9
9 9 9
9 2 9
8 9 9
9 9 2
2 9 9
-1 -1 -1
9 9 9
8 9 9
9 2 9
2 9 2
9 9 1
9 9 9
9 9 9
9 9 9
-1 -1 -1
9 9 9
9 9 9
9 9 9
9 1 9
9 1 9
9 9 9
9 9 0
9 9 9
-1 -1 -1
9 9 9
8 9 9
-1 -1 -1
9 9 9
-1 -1 -1
9 9 9
9 9 9
9 -2 9
9 9 8
0.836578406 2.142368178 0.322508399
0.607528789 1.532839587 0.309699687
9 9 8
9 9 9
9 9 9
9 9 9
4 9 0
9 9 9
9 9 9
9 9 9
9 8 9
9 9 9
2 9 2
2 1 1
0.573394017 1.622014742 0.42236737
0.424748898 1.605251313 0.494541268
9 9 9
2 1 1
2 2 2
9 9 9
-1 -1 -1
9 9 9
0.325285896 0.962406015 0.393900889
9 9 9
0.310126582 0.839041096 0.346835443
0.374613003 0 0.356037152
9 9 9
0.318909091 0.894897959 0.372727273
9 9 9
0.304761905 0.849557522 0.365079365
9 9 9
5 9 6
9 9 8
1 9 9
-1 -1 -1
-1 -1 -1
9 -2 9
9 9 9
9 9 9
9 9 9
9 9 9
9 3 9
9 9 9
9 9 9
9 9 9
9 9 9
9 9 8
4 8 4
9 9 9
9 9 9
8 1 9
9 9 9
9 -2 9
8 9 9
-1 -1 -1
4 -2 6
-1 -1 -1
1 9 9
-1 -1 -1
9 9 9
9 9 9
9 9 9
8 9 9
9 2 9
9 3 9
9 3 9
9 5 9
9 0 9
8 2 9
9 9 9
9 9 8
9 9 9
9 9 2
4 2 9
9 9 9
9 9 8
9 9 9
9 9 9
9 9 9
9 9 8
9 2 9
9 9 9
9 9 9
9 9 1
9 9 9
9 9 9
9 2 9
9 4 9
-1 -1 -1
-1 -1 -1
9 9 9
9 8 9
1 9 9
9 9 9
2 9 2
9 0 9
9 9 9
8 9 9
9 9 9
9 9 9
9 9 9
1 1 9
9 9 9
9 9 9
9 9 9
9 9 9
9 9 9
9 9 9
9 -2 9
9 5 9
1 2 9
9 9 9
9 9 0
0 0 0
9 8 9
9 8 9
9 9 9
9 9 9
9 2 9
9 9 9
9 9 9
9 9 9
1 0 1
9 2 8
9 -2 9
9 9 9
2 2 2
2 2 0.31
2 2 2
2 9 2
9 9 9
2 2 0.36
9 9 9
2 2 2
8 0 9
1 2 9
9 9 9
9 9 0
-1 -1 -1
-1 -1 -1
9 9 9
9 8 9
9 9 9
-1 -1 -1
9 9 9
9 9 9
-1 -1 -1
9 9 9
9 9 9
9 9 9
1 9 4
2 4 2
2 0.59 2
3 9 2
2 9 9
9 9 9
9 9 8
9 8 9
9 9 8
9 9 9
9 9 9
9 9 9
9 9 0
9 9 8
8 1 9
9 9 9
9 9 9
8 9 9
9 9 9
9 9 9
9 9 9
9 9 9
9 9 9
9 9 2
9 9 7
9 9 9
9 9 9
9 9 9
9 1 9
8 9 8
9 9 9
9 9 9
-1 -1 -1
9 9 9
3 9 9
2 0.61 0.42
2 2 0.38
9 0 9
9 8 9
9 9 9
9 9 9
9 9 9
9 9 9
-1 -1 -1
9 9 9
9 3 9
9 9 9
9 9 9
9 9 9
2 9 1
9 9 9
9 9 9
9 2 1
9 9 9
9 9 0
2 9 1
9 2 9
9 9 9
9 3 9
-1 -1 -1
9 9 9
9 9 9
2 2 2
9 8 9
2 9 9
9 9 9
9 9 9
9 9 9
9 1 9
9 9 9
9 9 9
9 9 9
9 9 9
9 9 9
-1 -1 -1
2 9 3
0.534482759 0 0
9 5 9
9 9 9
9 9 9
-1 -1 -1
-1 -1 -1
9 1 9
8 9 9
9 9 9
-1 -1 -1
9 9 9
9 9 9
9 9 9
8 9 9
9 8 9
-1 -1 -1
9 2 9
9 9 9
9 9 9
-1 -1 -1
9 9 9
9 9 9
9 8 9
9 9 9
9 9 0
9 1 9
8 9 9
9 1 9
9 9 9
9 9 9
9 9 9
9 9 9
9 9 8
9 9 9
0.368715084 9 0.439478585
9 9 5
9 9 9
-1 -1 -1
8 9 9
9 9 9
-1 -1 -1
-1 -1 -1
-1 -1 -1
9 9 8
9 9 9
9 9 9
9 9 9
9 9 9
4 3 5
0.22 0.46 0.16
9 9 9
0.21 0.38 0.14
-1 -1 -1
9 9 9
3 1 3
9 2 9
2 1.38 0.14
-1 -1 -1
9 8 9
9 9 9
9 9 9
9 9 9
9 6 9
9 9 9
2 9 3
-1 -1 -1
9 9 9
9 9 9
9 9 9
9 9 9
9 9 9
9 9 9
-1 -1 -1
9 2 9
9 1 9
9 9 9
1 4 9
9 9 9
9 1 8
9 9 9
9 9 9
9 9 9
3 9 2
9 9 4
9 9 9
-1 -1 -1
-1 -1 -1
-1 -1 -1
9 9 9
9 9 9
9 9 9
9 2 9
1 9 3
9 9 9
1 1 9
8 9 9
9 9 9
9 3 9
-1 -1 -1
2 9 3
9 9 9
9 9 9
9 9 9
9 0 9
1 9 1
8 9 9
3 9 6
-1 -1 -1
9 8 9
9 9 8
9 9 0
9 9 9
-1 -1 -1
8 9 9
9 9 0
9 9 9
9 9 0
9 9 0
-1 -1 -1
-1 -1 -1
9 9 9
9 9 9
-1 -1 -1
9 9 0
-1 -1 -1
9 8 0
9 9 9
9 9 0
9 9 0
-1 -1 -1
8 9 9
8 9 9
9 9 1
9 9 9
9 9 9
9 9 9
9 9 9
9 2 9
9 9 9
-1 -1 -1
9 9 9
9 8 9
9 9 9
9 9 9
9 9 9
9 9 9
9 9 9
9 9 0
-1 -1 -1
9 9 8
9 9 8
-1 -1 -1
1 9 0
8 9 9
9 9 9
3 8 5
9 9 9
9 8 9
9 9 9
9 9 9
9 9 9
-1 -1 -1
9 9 8
9 4 9
5 9 9
4 9 5
9 9 9
4 9 3
9 9 9
9 5 9
9 9 9
9 1 9
9 0 9
9 0 8
9 9 9
9 9 9
9 9 9
9 9 9
9 1 9
2 9 1
5 9 3
9 9 9
9 9 9
9 9 9
9 9 9
-1 -1 -1
9 9 9
9 9 9
9 2 9
9 9 9
9 2 8
0.29 1 1
2 2 2
2 2 0.45
1 0.88 0.53
9 9 9
9 2 9
9 9 9
9 9 9
9 9 9
2 1.08 0.54
9 9 9
2 0.66 0.54
2 2 2
2 2 0.62
2 1 0.61
0.42 2 0.51
2 2 2
2 0.38 2
3 2 0
9 9 9
9 9 9
9 -2 9
0 -2 3
9 9 9
2 9 3
9 9 9
9 9 9
-1 -1 -1
9 9 9
9 2 9
9 9 0
9 9 9
9 9 8
9 9 9
9 9 9
9 1 9
9 9 9
-1 -1 -1
-1 -1 -1
9 9 9
9 9 9
9 9 1
9 8 9
9 8 9
9 9 9
9 0 1
9 9 9
9 9 9
9 9 9
9 9 9
5 9 4
8 9 9
2 0.826086957 1
2 0.928571429 2
2 0.744186047 2
4 4 9
9 9 8
2 0 2
9 9 9
9 4 9
9 9 9
2 0.685714286 2
9 1 8
0.21 1 2
2 0.852941176 2
3 9 3
0.26 0.25 2
9 9 9
9 9 2
2 2 2
9 9 9
2 9 6
0.26 0.52 0.15
-1 -1 -1
-1 -1 -1
2 0.48 2
9 9 9
0 0 9
9 9 9
2 0 0.52
9 9 8
9 3 9
9 2 9
9 9 9
9 9 9
2 2 2
9 9 9
2 2 0.44
9 1 9
0.25 0.72 0.44
8 9 6
9 9 9
9 9 9
2 1 0.45
2 2 1
9 9 9
9 1 9
8 9 9
9 9 9
2 2 1
9 9 9
0 0 9
9 -2 0
9 0 0
9 9 9
9 4 9
9 9 9
9 9 9
9 9 9
3 9 3
9 0 9
9 1 9
2 1.211538462 2
9 8 9
9 9 9
9 9 9
9 9 8
1 0 0
9 4 9
9 9 9
9 9 9
9 9 8
9 9 9
2 9 3
9 9 9
9 9 9
9 9 8
9 9 9
9 2 9
0.39 0.661016949 0
0.51 0.894736842 2
0.53 0.913793103 2
2 9 0.01
9 9 8
0.44 0.75862069 0
2 0 3
9 9 9
0.35 0.729166667 0.15
2 2 0
9 9 8
9 9 9
9 3 9
9 9 8
9 9 9
9 9 9
9 9 9
9 9 9
-1 -1 -1
9 9 9
9 -2 9
-1 -1 -1
2 9 3
9 9 9
9 9 9
9 9 1
9 9 8
9 8 9
9 8 9
9 9 9
1 9 3
9 9 9
9 8 9
9 9 9
9 9 9
9 9 9
9 9 9
9 9 9
8 9 9
9 9 9
9 1 9
9 9 9
9 9 9
9 9 9
9 9 9
9 9 9
8 9 9
9 9 9
1 9 9
9 9 9
9 2 9
9 9 9
0.41 2.025147929 0
9 3 9
2 1.05 0
9 8 9
9 9 9
4 9 4
-1 -1 -1
8 8 9
2 0.59 2
9 9 0
9 8 2
2 0.807692308 1
2 2 2
-1 -1 -1
0.27 0.574468085 0.19
9 9 9
2 0.75 0.19
9 9 9
0.36 2 0.14
0.33 0.647058824 0.19
9 8 9
0.38 0.826086957 1
9 2 9
9 9 9
2 0.69 0.16
0.41 0.803921569 2
-1 -1 -1
2 9 2
9 9 9
0.39 2 0.16
0.29 0.66 0.25
2 0.55 2
2 9 0
9 9 9
-1 -1 -1
0.54 1.08 0.24
0.29 0.568627451 0.18
2 2 2
2 1 2
3 9 1
9 9 9
9 1 0
9 4 9
9 9 8
9 9 9
9 1 9
9 9 9
2 1 9
9 9 9
9 9 9
9 9 9
-1 -1 -1
9 9 9
4 1 0
0.34 1.096774194 0.49
0.36 1.125 0.4
2 9 2
0.32 1.032258065 1
0.32 0.941176471 0.44
0.29 0.805555556 0.41
9 4 9
9 9 9
9 9 9
4 9 4
9 4 1
-1 -1 -1
9 9 9
9 9 9
9 9 9
0 0 0
9 9 9
-1 -1 -1
-1 -1 -1
9 9 9
9 9 9
9 1 9
-1 -1 -1
9 9 9
-1 -1 -1
1 9 9
-1 -1 -1
0 0 9
9 9 9
1 9 9
9 9 9
9 3 0
9 9 9
9 9 9
8 8 9
9 9 9
2 8 3
3 9 9
9 9 9
5 9 9
9 3 9
2 9 9
9 9 9
9 3 9
2 1.765957447 2
1 9 9
8 9 9
0.41 0.91 0.37
9 1 8
9 9 9
1 9 1
9 1 9
-1 -1 -1
6 1 5
9 0 9
9 9 9
9 9 9
-1 -1 -1
9 9 9
8 9 9
-1 -1 -1
-1 -1 -1
0.26 0.52 0.29
9 9 9
-1 -1 -1
4 3 3
9 0 9
0 -2 3
2 -2 2
-1 -1 -1
-1 -1 -1
9 9 9
0.15 0.441176471 0.41
2 0.459459459 0.32
0.22 0.564102564 2
9 9 0
2 9 1
9 9 9
9 8 9
-1 -1 -1
9 9 9
9 9 9
9 9 9
9 2 0
-1 -1 -1
9 9 9
-1 -1 -1
9 2 9
-1 -1 -1
9 9 9
9 9 0
-1 -1 -1
9 9 9
1 2 9
9 9 9
-1 -1 -1
9 4 9
-1 -1 -1
9 9 9
-1 -1 -1
-1 -1 -1
8 9 9
6 9 6
9 9 9
8 9 9
6 9 1
9 9 9
4 9 4
9 9 9
9 9 9
9 9 9
9 9 9
9 9 9
9 9 9
9 9 9
9 9 2
9 5 9
9 0 9
9 2 9
9 9 9
9 9 9
9 2 8
9 2 9
9 9 9
2 0 9
9 9 9
9 8 8
9 1 9
9 9 9
9 1 9
0 0 9
9 9 9
9 9 9
9 2 9
9 9 9
9 0 9
8 9 9
9 9 9
8 9 9
9 9 9
9 9 9
9 9 9
9 9 9
9 1 9
9 8 9
-1 -1 -1
9 9 9
1 7 9
-1 -1 -1
9 9 9
9 9 9
2 1 4
9 9 9
-1 -1 -1
9 9 9
3 9 2
-1 -1 -1
-1 -1 -1
-1 -1 -1
9 9 1
9 3 9
9 2 9
-1 -1 -1
9 9 9
-1 -1 -1
3 9 3
-1 -1 -1
-1 -1 -1
9 9 9
9 9 9
9 9 9
9 9 9
9 9 9
9 9 9
9 1 9
-1 -1 -1
2 9 2
9 9 0
-1 -1 -1
9 1 9
9 9 9
0 0 9
9 9 9
9 9 0
2 2 0.02
2 2 0
0.601106252 1.107871029 0.018137381
9 9 9
0 -2 0
2 2 0
2 2 0.03
0.770906589 1.418225285 0.041048769
0.782975524 1.52480885 0.114109097
0.750467187 1.361316052 0.006265802
8 9 9
-1 -1 -1
-1 -1 -1
9 9 9
9 9 9
1 9 9
-1 -1 -1
-1 -1 -1
9 9 9
9 9 9
9 9 9
9 9 9
9 9 9
1 9 1
-1 -1 -1
0.45 2 0.37
9 9 9
9 1 9
9 9 9
9 3 9
5 9 9
9 9 9
9 9 9
8 9 9
9 9 9
9 9 9
9 9 9
9 9 9
8 9 9
9 8 9
9 9 9
9 9 9
-1 -1 -1
9 9 9
9 9 9
-1 -1 -1
8 9 9
9 9 9
9 9 9
9 9 9
-1 -1 -1
9 8 2
6 9 6
9 9 9
9 9 8
2 9 2
9 9 9
-1 -1 -1
-1 -1 -1
9 9 9
9 0 9
9 9 8
9 9 8
8 3 9
9 9 0
1 9 1
1 9 1
9 9 9
2 0.76 2
9 9 9
2 0.92 0.34
-1 -1 -1
-1 -1 -1
2 9 3
-1 -1 -1
-1 -1 -1
9 9 0
9 9 9
2 9 2
9 9 9
9 9 9
9 9 9
9 9 2
9 9 9
9 9 9
9 9 9
9 9 9
9 9 9
9 9 9
9 2 9
9 9 9
9 9 9
9 9 9
8 9 9
9 9 9
8 9 9
9 9 9
9 9 9
2 9 2
9 9 9
9 9 9
9 8 9
-1 -1 -1
9 5 9
9 9 9
9 5 9
9 9 9
9 9 9
9 9 9
9 9 9
9 9 9
9 9 8
9 4 9
9 9 9
8 9 9
9 9 9
9 9 9
9 2 9
9 9 9
9 9 9
9 9 9
8 9 9
9 9 9
9 9 9
9 8 9
9 9 9
9 9 9
9 9 9
9 9 9
8 9 9
3 9 2
9 9 9
9 9 9
9 9 9
9 9 0
9 9 9
9 1 9
9 9 9
-1 -1 -1
9 9 8
9 1 8
9 1 9
9 2 9
9 9 9
9 6 9
9 9 9
9 9 9
9 1 9
9 9 9
9 9 9
9 9 9
9 9 9
9 9 9
9 9 8
8 9 8
9 9 9
9 9 9
9 1 9
0.34 0.607142857 0.22
8 9 9
9 9 9
9 0 9
9 9 9
-1 -1 -1
9 9 9
2 0.49 0.03
3 0 0
0.43 0.75 0
9 8 9
1 9 3
9 9 9
9 9 9
9 8 9
9 8 9
9 9 9
9 9 9
9 9 9
9 9 9
9 9 9
8 9 9
2 9 9
9 9 9
9 9 9
9 9 9
9 9 8
9 9 9
-1 -1 -1
2 2 0
0.628627164 1.081602685 0.039258717
0.513360359 0.886755515 0.015605248
9 9 8
9 1 9
9 9 9
9 9 9
9 9 9
9 9 9
-1 -1 -1
0.24 1.2 0.56
2 0.821428571 0.51
2 0.685714286 2
2 2 2
0.17 0.447368421 1
2 0.542857143 1
2 1 2
9 9 9
9 1 9
9 0 9
9 9 9
9 9 8
8 9 9
9 9 9
9 9 9
2 2 1
2 9 3
9 9 9
2 9 3
9 9 9
9 9 9
9 0 9
9 9 9
-1 -1 -1
9 9 9
9 9 9
9 9 9
9 9 9
-1 -1 -1
8 9 9
9 8 9
8 9 9
9 1 9
9 9 9
2 2 2
9 9 9
9 9 9
9 3 9
9 5 9
7 9 9
9 9 9
9 9 9
9 9 9
9 2 9
2 9 2
2 9 4
0.3 0.517241379 0.03
0.36 0.6 0.01
2 0.614035088 0
9 9 9
9 9 9
9 9 9
9 9 8
2 1.170731707 0.27
1 0.816326531 1
9 9 9
3 9 4
9 9 9
1 1 9
9 9 9
9 9 9
9 9 9
9 4 9
-1 -1 -1
-1 -1 -1
9 9 9
9 9 9
9 9 9
9 9 9
0.494127936 1.38723255 0.346951524
9 9 9
9 9 9
2 2 0.34
1 9 3
3 9 3
0 0 9
9 9 1
9 1 9
9 9 9
9 9 0
9 1 9
1 1 1
-1 -1 -1
9 9 9
9 9 1
9 9 9
9 9 9
9 9 9
0.58 1.58979206 2
9 9 9
9 9 9
9 9 9
9 8 9
8 1 9
-1 -1 -1
9 9 2
9 9 9
8 9 9
9 9 9
9 9 9
9 0 9
9 9 9
9 9 9
9 9 9
9 9 9
9 9 9
9 9 0
4 8 9
8 9 9
9 0 9
9 9 9
9 9 9
9 9 9
9 9 0
9 9 9
-1 -1 -1
9 9 9
-1 -1 -1
9 9 9
9 9 9
8 9 9
9 9 9
9 9 9
-1 -1 -1
9 9 0
0 9 9
9 9 9
9 9 9
0.848370533 2.119926682 0.265744525
9 1 8
0.949172018 2.129017586 0.200270362
8 9 9
-1 -1 -1
9 9 9
9 8 9
-1 -1 -1
-1 -1 -1
-1 -1 -1
8 9 9
-1 -1 -1
-1 -1 -1
9 9 9
9 9 9
9 1 8
9 9 9
-1 -1 -1
9 9 9
9 5 9
9 0 9
8 9 9
9 9 9
9 9 9
9 1 9
9 9 0
9 9 1
0 0 3
9 9 9
9 9 9
-1 -1 -1
9 1 9
-1 -1 -1
9 9 8
9 9 9
8 9 8
9 9 9
2 9 2
9 9 8
-1 -1 -1
9 3 9
9 9 9
9 9 9
9 9 9
9 9 9
9 9 8
2 1 1
9 8 9
9 9 9
1 0 3
9 0 9
9 1 9
-1 -1 -1
9 9 9
9 9 9
-1 -1 -1
9 0 9
9 1 2
9 2 9
-1 -1 -1
-1 -1 -1
9 9 9
9 9 9
0 0 9
9 9 9
9 9 9
9 9 9
9 8 9
0.64 1.488372093 0.29
0.83 2.862068966 0.52
9 9 9
9 4 9
9 9 9
9 8 8
9 9 9
0.62 1.62 0.32
2 2 0.18
2 2 0
1 2 1
2 3 1
1 9 9
1 9 4
9 9 0
9 0 9
9 9 9
2 1.08 0.01
-1 -1 -1
9 9 9
9 9 9
9 9 9
9 9 8
1 4 9
9 9 9
9 9 9
9 9 9
8 0 9
9 3 9
9 9 9
9 9 9
9 9 9
9 1 9
9 9 9
9 9 8
9 9 3
3 2 9
-1 -1 -1
9 9 9
-1 -1 -1
9 9 9
9 9 9
9 9 8
9 9 9
9 9 9
1 5 8
-1 -1 -1
9 9 9
9 9 8
9 9 9
-1 -1 -1
9 9 9
0.34 0.723404255 0.26
2 8 3
0.29 0.630434783 0.18
9 9 9
9 2 9
9 0 8
-1 -1 -1
9 9 9
9 9 9
9 4 8
9 9 9
2 0.63 0.26
-1 -1 -1
9 9 9
9 9 0
9 -2 9
9 9 9
-1 -1 -1
4 9 1
2 9 2
9 9 2
9 9 9
2 0.93 2
2 1.43 2
-1 -1 -1
9 9 9
2 1.08 0.33
9 9 9
9 9 9
9 9 9
9 2 9
-1 -1 -1
-1 -1 -1
9 9 9
9 9 9
9 2 9
9 9 8
8 3 4
9 9 9
-1 -1 -1
9 9 9
-1 -1 -1
9 9 9
-1 -1 -1
-1 -1 -1
9 9 9
-1 -1 -1
0.36 0.6 0
9 9 9
0.43 0.728813559 0
0.34 0.62962963 0
9 9 9
-1 -1 -1
9 9 9
2 1 2
2 2 0.43
2 9 2
3 9 4
9 9 9
0.242798354 0.786666667 0.471193416
1 9 2
9 0 9
3 2 2
9 9 9
0.21 0.78 1
9 0 1
2 1 0.37
9 9 9
3 2 1
9 2 9
1 9 8
2 2 0.35
9 9 9
9 9 9
2 9 3
9 9 9
0.177419355 0.5 9
2 0.92 2
9 9 9
0.295 0.885 0.461666667
0.303030303 0.934579439 0.439393939
2 9 2
9 9 9
0 0 9
2 9 3
9 9 9
9 9 9
9 9 9
9 9 9
9 9 9
9 2 9
8 8 9
9 0 9
9 9 9
9 9 9
9 9 9
0.39 1.42 0.51
9 9 9
0.336538462 9 0.463942308
0.378823529 1.330578512 0.494117647
9 2 9
1 1.503759398 0.508
9 1 9
0.38372093 1.71875 0.595348837
2 9 2
9 9 9
2 3 1
9 9 9
0 0 9
-1 -1 -1
2 9 9
0 0 9
9 9 9
2 9 9
9 1 9
2 9 1
0 0 9
9 0 9
9 9 9
-1 -1 -1
-1 -1 -1
-1 -1 -1
8 9 9
9 2 9
9 2 4
9 9 9
-1 -1 -1
9 1 9
4 9 5
1 9 9
2 9 3
9 1 9
9 3 9
9 1 9
-1 -1 -1
1 9 9
0.37 0.880952381 0.25
9 9 9
0.32 0.64 0.16
0.33 0.6875 0.18
2 0.725490196 0.15
9 2 0
0.32 0.744186047 0.23
2 0.78 2
8 2 9
2 0.79 2
2 0.69 2
0.16 0.43 0.35
9 1 9
8 9 9
1 1 9
9 9 9
-1 -1 -1
9 9 9
2 2 2
1 0.58 2
-1 -1 -1
-1 -1 -1
8 9 9
0.17 0.38 2
-1 -1 -1
1 0.59 1
2 0.52 2
2 0.65 2
-1 -1 -1
9 9 9
9 9 9
9 9 9
4 8 5
9 9 9
9 9 9
9 9 9
9 9 9
1 9 1
9 9 9
9 9 9
9 9 9
9 9 9
9 9 9
2 1 2
2 2 0.29
9 1 9
9 9 0
9 9 9
9 9 9
2 2 0
9 9 0
9 9 8
2 0.92 0
9 9 9
4 9 2
9 1 9
2 9 2
9 9 9
9 9 9
9 9 0
9 9 9
3 1 9
9 4 9
2 9 2
9 9 9
9 9 9
9 9 9
9 9 9
9 4 9
9 9 3
9 9 9
9 1 9
5 9 5
5 3 1
2 0.696428571 0
9 9 9
0.58 0 0
-1 -1 -1
3 9 9
2 9 1
9 9 9
9 9 9
9 9 8
9 2 9
-1 -1 -1
6 9 5
3 8 3
9 9 9
0.229357798 0.675675676 9
9 9 9
2 1 2
9 9 9
2 9 9
9 9 9
9 0.344827586 9
9 9 9
0.246153846 0.592592593 1
9 4 9
9 9 9
0.618522073 1.137687555 0.017274472
0.479486227 0.855816597 0.016559631
9 8 0
0.25 0.8 2
9 4 9
9 9 8
9 9 9
9 9 9
9 9 9
9 9 9
9 9 9
9 8 9
2 0 0.58
2 2 0.62
9 4 9
2 1.266666667 0.71
9 9 9
9 9 9
9 9 9
9 9 9
-1 -1 -1
9 9 9
8 1 9
-1 -1 -1
9 9 9
-1 -1 -1
9 9 9
9 9 9
9 9 9
9 9 9
8 9 9
0.727091633 1.361940299 0
9 9 9
0.714285714 1.513157895 0.043478261
9 1 9
0.527173913 2 0
9 9 9
9 9 9
0.538461538 0.984375 0.021367521
9 1.632208923 9
9 9 9
4 9 4
1 9 4
9 2 9
9 9 9
9 9 9
9 8 8
9 9 9
1 9 3
9 0 9
3 9 3
9 9 9
9 9 2
9 9 9
9 9 9
1 1 0
9 9 9
9 9 9
9 1 9
9 9 9
9 9 9
8 8 9
9 9 9
-1 -1 -1
2 9 9
8 9 9
9 9 9
9 9 0
9 2 9
9 8 9
9 9 9
9 9 9
5 9 9
9 9 9
9 9 9
9 9 9
9 8 9
9 9 9
1 9 9
9 9 9
-1 -1 -1
9 9 9
9 9 8
9 9 8
9 9 9
1 0 2
-1 -1 -1
7 9 5
9 9 9
9 2 9
9 9 9
9 9 9
-1 -1 -1
9 9 9
9 9 8
9 9 9
9 9 9
9 0 9
7 3 9
9 0 9
9 9 9
-1 -1 -1
8 9 8
9 2 8
-1 -1 -1
9 9 9
1 9 9
9 9 9
9 9 9
9 9 9
9 9 0
9 8 9
9 9 9
9 9 9
9 9 9
9 8 9
9 2 9
1 9 9
9 9 9
9 9 9
9 1 9
9 9 9
2 1 9
9 9 9
0.409836066 0.950570342 9
9 8 9
9 9 9
9 9 9
-1 -1 -1
9 1 2
9 2 8
2 9 5
9 9 9
9 9 9
3 9 9
2 9 2
9 9 9
3 9 3
8 9 8
9 9 0
9 9 9
6 9 6
9 9 9
1 9 9
9 9 9
9 4 9
2 9 6
-1 -1 -1
9 9 9
9 9 9
-1 -1 -1
-1 -1 -1
9 9 9
9 9 9
5 9 4
5 9 3
9 9 9
9 9 9
4 9 5
9 9 9
9 1 9
9 2 9
9 9 9
9 0 9
9 9 9
9 3 8
9 9 8
9 1 9
9 9 1
9 1 9
9 9 9
0 -2 9
9 9 9
9 9 9
1 2 9
9 9 9
9 9 9
9 9 2
9 9 9
3 9 5
2 0 2
9 9 8
0 -2 3
9 9 9
9 9 9
0 0 6
9 9 9
9 3 9
9 9 9
-1 -1 -1
4 3 2
9 3 9
9 9 9
9 2 8
9 9 9
9 9 9
9 0 9
1 0 3
9 8 9
9 9 9
9 9 2
2 0.733333333 2
9 8 9
9 2 8
9 9 9
9 9 9
-1 -1 -1
9 9 9
2 9 2
9 9 9
-1 -1 -1
4 9 4
2 9 1
8 0 9
-1 -1 -1
3 2 3
9 1 9
9 9 9
-1 -1 -1
2 2 0.48
2 2 2
9 9 9
-1 -1 -1
0.34497938 0.911595445 0.343079561
0.349493488 1.164790997 0.457609744
9 9 0
8 9 9
0.23 0.696969697 2
2 9 2
2 1 2
1 0.689655172 2
9 9 8
0.23 0.522727273 0.24
2 0.648648649 2
-1 -1 -1
9 9 0
9 9 9
9 9 9
2 9 9
3 9 3
-1 -1 -1
-1 -1 -1
9 9 9
9 9 9
9 9 9
9 9 9
8 9 9
9 9 9
9 8 0
5 0 4
-1 -1 -1
-1 -1 -1
9 9 8
1 9 0
-1 -1 -1
-1 -1 -1
9 2 9
9 9 9
9 9 9
9 9 9
0.27 0.79 0.29
2 1.04 0.34
9 2 9
9 3 9
9 9 8
9 9 9
-1 -1 -1
9 3 9
9 9 9
9 4 9
9 1 8
-1 -1 -1
-1 -1 -1
-1 -1 -1
-1 -1 -1
9 9 9
9 9 9
0 0 9
9 1 9
-1 -1 -1
9 0 9
9 9 9
9 1 9
9 9 3
8 9 9
9 1 9
9 9 9
9 9 9
9 1 9
9 2 9
9 1 9
0 0 9
0 0 8
9 9 1
0 0 9
3 1 2
-1 -1 -1
9 9 3
-1 -1 -1
1 0 9
-1 -1 -1
9 9 9
9 3 9
-1 -1 -1
9 9 9
1 1 1
8 9 9
9 9 8
9 5 8
8 4 9
3 9 2
9 4 9
0.43 0.754385965 0
-1 -1 -1
0.61 1.150943396 2
0.63 1.125 2
0.37 0.660714286 0.02
0.56 1.018181818 0.01
9 2 9
9 9 9
9 9 9
8 2 9
9 9 9
9 9 9
9 9 9
9 7 9
9 9 9
9 0 9
9 9 9
9 9 9
9 9 9
9 9 9
9 0 9
9 6 9
3 9 2
8 9 8
9 9 9
9 9 9
9 3 8
9 9 8
9 9 9
9 3 9
-1 -1 -1
9 9 9
9 9 9
9 9 9
9 9 9
8 9 8
9 2 9
8 9 8
9 9 9
9 9 9
9 9 8
8 9 9
9 9 9
8 9 9
9 9 9
9 9 9
9 9 0
9 -2 9
9 9 9
9 9 9
7 9 8
9 9 9
9 9 0
9 9 9
9 9 9
9 9 9
-1 -1 -1
0.318791946 0.72519084 0.273489933
9 2 9
2 0.33 2
-1 -1 -1
9 9 9
9 9 9
-1 -1 -1
9 9 9
9 9 8
9 9 9
9 9 9
9 9 9
9 9 9
-1 -1 -1
5 9 4
9 9 9
8 9 8
0.252525253 0.555555556 0.227272727
9 9 9
9 9 9
0.64 1.185185185 0
9 0 9
9 3 9
9 9 9
-1 -1 -1
9 3 9
2 9 4
1 9 9
9 9 9
3 9 3
-1 -1 -1
9 0 9
-1 -1 -1
2 1 5
9 7 9
-1 -1 -1
9 8 1
9 9 1
8 2 9
-1 -1 -1
9 9 9
8 9 9
9 9 9
9 1 9
-1 -1 -1
9 9 9
1 9 9
9 9 9
9 9 9
9 9 1
9 3 9
9 9 9
9 9 0
9 9 9
9 9 9
2 9 9
9 9 9
9 1 9
9 0 9
9 9 9
9 9 9
9 9 9
3 9 3
-1 -1 -1
1 4 3
2 9 2
9 9 9
-1 -1 -1
9 8 9
9 0 9
9 9 9
9 9 9
1 9 4
9 9 9
9 9 9
9 9 9
9 9 9
2 1.036363636 0
0.45487042 0.839010989 0.011617516
9 2 9
9 9 9
8 9 9
9 9 9
9 1 9
9 1 9
9 4 9
9 9 0
9 1 9
-1 -1 -1
9 9 9
9 9 9
9 9 9
9 9 9
-1 -1 -1
9 9 9
9 9 2
9 9 9
9 9 9
-1 -1 -1
-1 -1 -1
-1 -1 -1
-1 -1 -1
-1 -1 -1
-1 -1 -1
-1 -1 -1
-1 -1 -1
9 9 9
1 9 9
9 9 9
9 9 9
9 9 8
9 9 9
9 9 9
9 9 9
9 9 9
0 0 3
9 0 2
9 4 9
9 9 9
9 9 9
9 9 9
9 8 9
9 9 9
9 9 9
9 9 9
9 8 9
9 9 9
9 9 9
9 9 9
9 9 9
-1 -1 -1
-1 -1 -1
9 9 9
8 9 9
9 9 3
4 9 2
8 9 9
9 9 1
1 9 9
3 9 2
-1 -1 -1
1 9 5
2 2 0.4
2 2 2
9 9 9
9 9 9
0.31 0.7 0.36
9 9 9
9 9 9
9 9 9
9 9 9
9 9 9
9 9 9
9 1 9
9 9 2
8 9 9
9 9 9
9 9 9
9 9 9
0.32 0.581818182 0.23
0.29 0.617021277 0.25
9 0 9
9 9 9
9 9 9
-1 -1 -1
-1 -1 -1
9 9 9
2 9 2
9 1 9
9 9 9
9 9 9
9 9 9
9 9 1
9 9 9
9 9 9
9 9 9
-1 -1 -1
9 9 9
9 9 9
9 1 9
9 9 9
9 9 9
4 9 4
9 3 9
9 9 9
0.43 0.767857143 0.03
0.66 1.157894737 2
0.38 0.666666667 0.02
9 9 9
8 9 9
2 3.12 2
-1 -1 -1
9 0 9
1 9 1
2 0.93 0
1 9 9
9 9 9
2 1.4 0.09
2 2 0.05
2 0.97 0.02
9 9 9
0.25 1.85 0.72
-1 -1 -1
0.26 1.8 0.76
2 2 0.71
9 9 9
9 9 9
9 9 7
9 9 9
9 9 9
1 9 9
9 9 9
9 9 9
9 1 9
9 9 9
8 1 9
9 9 9
9 9 9
9 9 9
9 8 9
9 8 9
9 9 8
-1 -1 -1
9 2 9
9 9 9
9 9 9
0.58 1.288888889 0.23
2 1.71 2
2 8 2
0.52 1.106382979 0.15
9 0 9
9 9 9
0.51 1.040816327 0.23
0.38 0.81 0.21
0.14 0.38 0.42
2 1 0.38
-1 -1 -1
2 0.40625 2
1 0.94 2
9 9 9
5 4 4
0.337837838 0.588235294 0
0.36 0.610169492 0
9 9 9
0.470533333 0.840238095 0
9 9 9
9 9 9
9 9 8
2 0.745762712 0
9 9 9
2 0.517857143 0
9 9 8
8 9 9
2 2 0
2 1.051724138 0
9 9 9
9 1 9
0.41 0.719298246 0
9 9 9
9 0 9
-1 -1 -1
9 9 9
3 9 4
9 0 9
9 1 9
9 2 9
9 9 9
9 2 9
9 9 9
8 9 9
2 2 1
9 9 9
-1 -1 -1
9 9 9
9 9 9
3 0 4
9 9 9
9 4 9
9 9 9
9 9 9
1 3 8
9 9 9
3 9 3
3 2 5
8 8 9
9 9 9
9 9 9
-1 -1 -1
9 9 9
9 0 9
9 9 8
1 9 2
9 9 9
2 9 9
1 9 0
1 9 0
9 9 9
9 9 9
9 8 9
5 9 5
1 9 9
9 1 9
9 8 9
9 9 9
9 2 9
9 9 9
9 9 9
0.48 0.842105263 0.05
9 1 1
0.160857909 0.555555556 0.525469169
9 9 9
1 0.636363636 0.428571429
9 9 9
2 0 9
-1 -1 -1
9 9 1
9 9 9
-1 -1 -1
9 4 9
9 9 9
9 9 8
9 9 9
8 9 9
9 9 1
9 9 9
9 9 9
9 9 9
-1 -1 -1
9 1 9
9 1 9
9 8 9
9 9 9
9 9 9
0 0 9
2 0.89 0.19
9 9 9
9 0 9
9 9 9
-1 -1 -1
9 9 9
9 9 9
-1 -1 -1
9 9 9
9 8 9
9 9 9
9 9 9
9 9 9
-1 -1 -1
9 9 1
9 9 9
8 9 9
9 9 9
-1 -1 -1
9 9 9
9 9 8
9 9 9
8 8 9
-1 -1 -1
9 2 9
-1 -1 -1
-1 -1 -1
9 9 9
2 9 2
9 9 9
9 1 9
9 9 9
9 9 9
-1 -1 -1
9 9 9
9 9 9
9 8 9
9 9 9
9 9 9
9 9 9
-1 -1 -1
9 9 9
1 9 9
9 9 9
-1 -1 -1
9 2 9
9 8 8
9 9 9
8 9 9
9 9 9
9 9 9
9 9 9
9 9 9
9 9 9
-1 -1 -1
8 9 9
9 9 9
-1 -1 -1
-1 -1 -1
9 8 9
-1 -1 -1
-1 -1 -1
9 9 9
-1 -1 -1
2 9 1
-1 -1 -1
-1 -1 -1
9 9 9
9 9 9
9 9 9
9 9 9
9 9 9
9 9 9
9 9 8
9 3 9
9 9 9
9 3 9
-1 -1 -1
9 1 9
9 9 9
9 9 9
9 9 9
9 9 9
9 9 9
3 9 4
9 9 9
9 9 9
9 1 0
9 9 9
9 1 9
-1 -1 -1
-1 -1 -1
9 9 9
9 9 9
9 9 9
9 9 8
9 9 8
9 9 9
7 8 9
9 9 9
9 3 9
9 9 8
1 9 0
-1 -1 -1
9 9 8
9 9 9
9 9 9
9 9 8
9 9 2
9 9 9
9 9 9
9 9 9
9 9 9
9 0 9
9 1 1
9 9 9
9 9 9
9 9 9
9 9 9
9 9 9
9 9 1
9 1 1
2 9 2
9 9 9
9 9 9
8 8 9
9 9 9
7 9 9
9 9 9
9 9 9
9 9 9
9 9 9
9 9 0
9 9 9
9 9 1
9 9 9
9 9 9
9 9 9
8 9 8
9 8 9
9 9 9
2 0.88 0.08
0.35 0.52 0.06
9 9 9
9 1 9
8 9 1
9 3 9
9 9 9
4 3 2
8 9 9
9 9 9
9 9 9
9 9 9
-1 -1 -1
2 2 2
9 9 9
9 1 9
9 9 8
9 9 9
9 2 1
-1 -1 -1
9 2 9
9 9 9
-1 -1 -1
9 9 0
-1 -1 -1
0 0 9
-1 -1 -1
0 0 9
9 9 9
9 9 9
0 0 5
-1 -1 -1
0 0 9
9 9 9
0 0 9
1 9 9
0 0 9
0 0 2
0 0 9
0 0 1
3 9 4
-1 -1 -1
1 9 1
9 9 9
2 1 4
9 9 9
9 9 9
9 4 9
9 9 9
9 9 9
9 1 9
2 9 3
3 9 3
9 9 9
9 1 9
9 9 9
1 9 2
8 9 9
4 8 9
5 9 4
9 9 9
9 9 8
9 9 9
9 9 9
9 9 9
-1 -1 -1
-1 -1 -1
9 9 9
9 9 9
-1 -1 -1
9 9 9
9 9 8
-1 -1 -1
9 7 9
9 9 9
9 9 9
9 9 9
9 9 9
-1 -1 -1
9 9 9
9 9 9
9 3 8
2 9 1
9 9 9
9 9 9
9 9 8
9 9 9
9 9 9
-1 -1 -1
2 1 9
1 0.33 0
8 9 9
2 2 2
9 9 9
8 9 9
3 1 4
-1 -1 -1
2 9 1
9 9 9
9 9 9
-1 -1 -1
9 9 8
-1 -1 -1
-1 -1 -1
9 0 9
9 9 1
9 9 9
9 8 9
9 0 9
9 9 9
9 1 9
3 -2 5
8 9 9
9 6 9
9 9 9
0.61 1.150943396 0.01
0.67 1.288461538 0
-1 -1 -1
9 9 9
9 9 9
2 2 0
9 9 9
8 2 9
0 0 9
1 9 0
9 3 9
9 8 9
9 9 9
0 0 9
-1 -1 -1
9 2 9
9 9 9
-1 -1 -1
9 9 9
2 0.767857143 0
0.46 0.851851852 0.22
9 9 9
2 2 0
9 9 9
0.48 0.79 0
8 9 9
9 9 9
2 0.83 2
2 0.73 0.26
-1 -1 -1
9 1 9
4 1 3
5 2 5
9 9 9
1 9 3
9 9 8
9 9 9
9 9 9
0.360655738 1.145833333 0.459016393
8 9 9
2 0 0.46
9 9 9
9 9 9
9 9 9
9 8 9
9 9 9
0.51 1.214285714 0.35
0.41 0.931818182 0.22
9 9 3
9 8 9
9 9 9
9 9 9
9 9 9
9 1 0
3 9 3
9 9 9
9 9 0
9 9 9
-1 -1 -1
-1 -1 -1
9 3 9
9 9 9
9 9 9
9 9 9
9 9 9
-1 -1 -1
0.44 0.88 0.13
0.52 0.981132075 0.09
2 0.773584906 0.12
9 1 9
9 9 9
9 9 9
3 9 3
1 9 9
9 9 9
9 5 9
-1 -1 -1
9 9 9
9 1 9
1 9 9
9 1 9
9 9 9
9 9 9
9 9 9
9 9 9
9 0 1
9 9 9
9 9 9
-1 -1 -1
9 9 8
0.14 0.35 0.29
9 9 9
9 9 4
-1 -1 -1
9 9 9
-1 -1 -1
2 1 9
-1 -1 -1
9 2 9
-1 -1 -1
9 2 9
9 9 9
9 9 9
9 9 9
9 9 9
9 9 9
9 9 5
8 9 9
2 0.851851852 2
9 9 9
9 1 9
9 9 9
9 9 9
9 8 9
9 1 0
9 8 9
9 9 9
9 9 9
9 9 1
9 9 9
8 9 8
8 9 9
1 9 1
9 9 9
9 8 9
9 9 0
9 9 9
9 9 9
9 8 9
9 3 9
9 2 9
9 9 9
9 9 9
9 4 9
9 2 1
8 2 9
9 7 9
9 9 9
9 9 8
9 9 1
9 9 1
3 9 6
9 9 9
9 5 9
4 9 4
4 0 5
9 2 9
9 9 9
9 9 9
9 9 9
9 9 9
9 9 9
9 9 9
9 9 9
9 9 9
9 4 9
3 9 3
9 9 9
9 9 9
8 9 9
9 9 9
3 9 2
9 9 9
9 9 9
9 9 9
8 9 9
9 9 9
2 1 1
9 9 9
9 9 8
9 9 9
0.24 0.428571429 1
0.291061683 0.517484438 0.047265987
9 9 2
-1 -1 -1
1 9 9
-1 -1 -1
-1 -1 -1
-1 -1 -1
-1 -1 -1
9 9 9
-1 -1 -1
9 9 9
9 9 9
2 8 2
0.38 0.82 0.04
0.51 1.12 0.08
0.48 0 2
2 0.86 0.07
9 3 9
9 5 9
-1 -1 -1
-1 -1 -1
9 9 9
9 9 9
9 9 9
9 9 9
9 9 9
-1 -1 -1
1 0.96 2
9 9 9
9 2 9
0.460634683 0.917728055 0.143926741
9 9 9
3 9 9
9 9 9
9 9 2
1 9 1
9 9 9
9 9 9
9 4 9
9 9 9
2 4 1
-1 -1 -1
2 1 1
9 9 9
9 9 8
9 9 8
-1 -1 -1
9 9 9
9 2 0
3 1 2
9 9 9
9 9 9
9 2 9
9 9 8
9 9 9
2 2 0.41
2 2 0.32
2 2 0.25
9 8 1
-1 -1 -1
6 9 5
-1 -1 -1
6 9 6
-1 -1 -1
9 9 9
2 9 2
9 9 9
9 9 9
-1 -1 -1
9 9 9
0.449047225 0.765536723 0.031483016
9 9 9
9 1 9
9 9 9
9 0 1
9 9 9
1 9 2
2 9 3
2 9 3
1 9 2
-1 -1 -1
1 9 9
9 9 9
9 9 9
-1 -1 -1
-1 -1 -1
4 3 9
-1 -1 -1
2 2 2
1 9 9
9 9 9
9 -2 9
9 8 9
9 9 8
8 9 9
9 9 9
8 9 9
3 9 9
9 9 9
9 8 9
9 9 9
9 2 9
4 2 1
9 1 9
9 9 9
