111
53
-103
101
-93
67
86
-61
-94
93
-89
-88
-82
-81
-91
63
-23
-28
-99
-30
103
-68
-75
-76
-2
51
46
36
66
49
-78
3
90
-45
105
99
-27
-35
86
-11
86
83
91
46
-1
-52
-77
-75
-6
23
126
-55
100
56
155
73
-7
-16
154
44
166
96
25
15
115
159
99
131
-49
119
-42
-93
83
77
16
-14
-23
18
-158
-143
-108
-145
-197
-130
-171
-13
-143
-30
-116
-39
33
69
61
73
71
-30
-44
-128
-136
-42
34
-15
-173
-158
-179
-15
-10
-2
-139
-131
62
-54
83
50
75
-64
-18
-21
138
161
142
-22
183
66
91
8
155
27
154
-25
146
-22
75
10
-45
-59
30
-22
-83
62
14
-119
-77
-110
17
-68
91
69
98
-21
102
52
-91
-100
23
65
79
108
103
346
35
45
-80
24
33
-86
-64
-96
-96
-95
99
104
42
11
-32
78
-28
70
95
-93
93
106
-97
-19
96
-80
101
95
-41
-87
76
102
87
-92
-15
-89
90
104
95
-85
-39
84
-39
-2
-1
-89
-69
-88
70
89
-70
-101
62
96
96
86
-69
101
-68
57
-72
92
17
-82
5
97
91
-81
-60
-29
-99
74
76
-22
45
5
12
-44
68
-109
74
101
111
62
69
-26
114
-59
-50
141
2
132
91
-34
133
125
129
75
-65
-53
93
-103
-105
-68
-115
61
-84
30
-37
-136
-26
45
-51
17
-15
-3
1
-12
-102
105
-17
-50
-20
88
18
84
101
22
74
55
-111
-113
-88
64
-87
62
52
-104
-46
81
-95
21
55
21
-60
7
-64
-53
138
129
140
-57
53
56
120
86
-64
31
9
112
-74
-79
-50
-93
72
22
-31
-81
-104
-115
-107
87
-13
37
80
15
-41
-50
31
69
-82
104
-85
-15
-39
99
25
-62
103
63
80
0
99
106
31
-12
52
101
102
-57
-71
-62
86
18
74
-76
0
96
-85
-88
-53
60
74
97
-59
-50
-13
66
101
-87
14
86
89
-62
110
-98
45
-85
-77
96
-20
79
6
-65
-47
-19
60
66
-87
96
48
59
-34
-8
-38
87
7
-47
46
-88
108
68
-53
-34
-61
60
-41
61
-38
5
40
25
-120
-118
69
-77
-93
-138
-141
-12
-127
64
-65
83
93
-100
67
8
-4
56
47
-97
73
64
-43
-11
-14
-42
93
-91
-90
-111
53
82
73
-134
-113
63
-80
-90
20
76
74
92
75
13
-67
-57
152
3
87
149
-19
-27
122
33
117
-83
-102
-26
73
58
72
-66
-9
-78
-9
-9
12
-51
-10
15
-80
-12
48
98
-21
102
-59
-32
-87
-82
-10
32
58
51
62
18
52
-133
-143
34
-142
-110
38
69
61
12
17
39
-50
83
-47
-92
20
23
-84
-53
93
98
-87
76
58
-85
101
19
-19
-78
-86
92
-78
-67
101
77
95
20
96
-1
36
-62
-54
77
93
-99
70
-90
-96
-93
78
-85
-11
96
85
-92
97
73
88
100
84
88
74
-83
81
11
-87
83
103
-73
62
35
-51
36
93
23
-85
-30
-67
76
101
105
50
-5
83
80
99
-35
29
63
86
-33
-93
94
-86
-87
-92
57
-23
-66
-72
-100
-2
-35
-116
67
-106
-85
66
-126
-113
-33
-103
-91
-81
-131
23
48
-134
7
-35
28
-111
-81
78
-7
-116
-75
-98
43
68
76
35
-115
64
9
80
-87
-99
81
-106
86
95
118
-72
79
42
114
-18
6
24
170
143
123
13
-13
61
-30
116
-93
-73
-27
-30
96
-101
-23
75
-67
77
-94
-2
-105
-117
-108
-121
-85
-7
-42
-28
48
-96
-77
14
-132
30
23
-27
-67
0
-132
-73
68
31
-49
7
71
-112
89
-77
90
93
83
-43
26
65
22
-58
66
19
0
32
58
-90
-23
86
103
-79
90
-101
-90
86
45
-101
68
-11
-87
104
102
97
82
-93
107
-86
-15
77
97
-67
-49
55
71
-24
-91
-51
109
78
-79
-65
-71
-33
0
53
-33
-61
109
-66
67
-21
98
16
93
12
-22
106
91
98
83
102
15
33
84
-57
-86
26
33
-86
-86
-18
-93
-68
-99
-53
85
6
97
73
99
-84
86
-93
66
76
23
42
85
-98
-106
78
-110
-112
27
62
-115
14
21
-2
11
-156
23
-106
-147
-162
35
-93
51
-82
-140
-148
-136
41
-138
-32
68
-109
-19
-88
70
-31
-49
-61
-36
85
105
53
91
49
-46
158
157
-4
114
53
113
158
143
23
-59
122
-84
-53
-38
-78
-16
-8
52
66
-25
29
-53
-39
44
-47
-147
-74
-145
-165
43
27
-60
-110
-181
-28
-118
-156
-140
-133
-140
-84
-130
-8
-126
-48
12
79
58
-93
-31
85
-87
-18
-98
-66
-35
91
-93
37
87
-64
-75
-83
94
-91
-99
71
95
75
-59
70
-70
-81
78
-29
-90
-99
41
-84
-82
89
101
74
99
-76
-95
72
40
73
-74
90
-96
99
94
97
-44
-85
106
21
10
101
105
98
-71
15
-106
-79
-11
-73
-69
-9
-57
-68
-87
-84
97
-93
-97
-78
23
-16
-57
56
-98
9
-27
75
-99
43
82
99
-64
-88
-94
-46
97
-90
56
-109
87
-88
-93
-11
-72
-92
103
-94
34
83
-20
-105
-103
-102
47
86
-124
