90.90
33.48
-123.66
81.04
-113.37
47.61
65.81
-81.38
-115.15
73.73
-109.62
-108.70
-102.13
-100.95
-110.76
44.04
-41.89
-46.60
-117.55
-47.47
87.47
-83.99
-89.58
-89.51
-14.25
40.75
37.07
29.40
61.61
46.57
-78.96
6.10
95.44
-37.41
117.31
115.82
-7.38
-10.95
115.97
23.25
126.24
129.60
144.47
106.05
65.30
21.73
-3.98
-12.63
45.81
66.10
159.73
-32.30
114.62
61.58
151.81
61.59
-27.06
-43.38
120.70
3.24
119.71
43.62
-33.12
-48.23
47.21
87.41
24.12
53.16
-129.67
37.10
-125.79
-177.20
0.11
-6.00
-65.02
-94.58
-101.22
-55.45
-228.88
-209.31
-169.32
-200.29
-245.41
-171.72
-204.60
-37.95
-158.88
-35.66
-111.62
-22.99
61.42
110.06
115.88
142.14
172.41
75.71
46.66
-50.63
-72.42
9.95
74.53
14.26
-153.91
-148.60
-177.87
-21.90
-24.82
-22.79
-165.78
-162.67
26.21
-94.15
40.54
5.59
28.39
-113.02
-67.73
-69.99
90.16
114.68
97.10
-65.07
144.33
30.56
59.38
-19.59
132.34
10.27
143.49
-30.99
147.56
-14.39
91.73
34.44
-14.04
-18.95
79.95
35.63
-16.64
139.01
100.51
-33.22
0.99
-40.04
80.62
-13.02
140.83
113.03
136.01
10.61
129.86
75.28
-73.03
-86.59
33.67
72.65
84.11
109.36
102.02
342.71
29.79
37.79
-90.31
13.49
21.50
-100.07
-79.04
-112.52
-112.54
-112.65
81.53
86.34
23.47
-7.92
-51.93
58.73
-48.34
50.55
75.20
-113.87
73.59
86.24
-117.64
-40.19
76.42
-100.59
80.91
74.94
-62.08
-107.48
56.32
82.17
67.27
-112.84
-36.28
-110.22
70.14
84.06
75.17
-105.31
-59.43
65.14
-59.39
-21.95
-20.94
-108.13
-87.62
-106.48
52.82
72.95
-85.88
-116.60
48.23
84.03
85.56
76.44
-77.37
94.73
-73.04
54.78
-72.63
94.83
23.58
-73.97
17.26
113.07
111.47
-57.97
-31.56
3.74
-60.65
118.37
126.13
34.26
108.23
75.30
90.55
35.94
139.67
-47.41
127.89
145.45
147.86
89.92
89.06
-14.41
119.73
-61.98
-59.02
126.09
-18.29
105.43
59.38
-71.18
92.44
81.16
81.76
24.51
-119.18
-109.20
36.56
-161.47
-164.11
-126.48
-173.75
5.08
-139.32
-22.51
-88.02
-183.30
-69.39
6.24
-85.94
-10.51
-37.61
-19.04
-6.96
-13.32
-94.74
121.86
8.35
-14.26
26.36
174.19
92.66
148.48
155.60
66.70
110.48
83.05
-90.80
-99.93
-80.94
66.40
-90.97
54.85
41.61
-118.72
-63.07
62.75
-115.74
-0.18
34.06
0.03
-81.60
-12.28
-82.42
-69.25
124.54
118.78
133.70
-60.67
55.33
62.80
132.43
103.97
-41.89
60.50
45.70
155.41
-24.16
-22.25
14.89
-19.56
154.45
112.80
64.49
6.48
-24.11
-43.13
-42.35
145.89
38.37
83.15
120.32
50.54
-11.85
-24.95
53.02
86.15
-68.66
114.01
-78.81
-11.88
-38.48
98.12
21.78
-67.83
96.17
54.47
70.13
-11.05
86.16
92.65
16.01
-28.72
35.36
84.61
84.97
-76.19
-90.07
-81.46
67.00
-0.94
54.99
-96.95
-19.88
75.96
-105.55
-108.64
-73.57
40.15
53.76
77.15
-79.94
-71.10
-33.67
46.50
81.11
-107.84
-5.58
66.08
69.08
-82.38
89.93
-118.81
25.78
-105.57
-98.02
76.53
-40.39
59.66
-12.57
-84.18
-66.41
-38.22
42.47
49.29
-104.26
80.16
33.42
45.01
-47.74
-21.12
-49.24
77.85
-0.30
-53.89
42.27
-91.33
108.15
70.54
-49.00
-26.86
-50.33
74.75
-23.93
82.64
-12.40
35.16
75.46
65.10
-75.02
-67.46
126.03
-14.17
-24.21
-61.97
-58.06
71.14
-51.93
131.45
-5.99
135.06
138.17
-62.74
98.43
32.57
12.77
68.09
53.02
-97.12
68.45
54.38
-57.36
-29.78
-36.57
-67.97
65.41
-122.53
-123.46
-145.63
17.65
45.76
35.81
-172.18
-150.26
27.84
-115.24
-123.55
-10.25
47.71
49.06
70.85
57.96
-0.27
-76.68
-60.94
154.85
12.17
102.63
196.81
33.63
18.51
162.07
66.60
144.93
-60.81
-83.99
-12.02
84.04
65.66
77.71
-63.72
-8.02
-78.80
-10.60
-10.48
11.72
-51.47
-9.04
18.02
-75.57
-5.92
58.29
111.10
-5.28
122.77
-34.50
-2.99
-53.94
-42.98
34.41
82.74
115.37
114.98
131.87
95.20
136.60
-42.34
-45.03
134.53
-50.83
-26.60
115.22
139.25
124.09
69.48
67.84
84.34
-10.27
118.63
-17.65
-66.80
42.31
41.36
-70.11
-42.60
101.89
103.48
-85.52
76.62
56.45
-89.90
95.22
11.52
-28.92
-89.03
-98.32
79.26
-93.03
-82.79
85.21
60.95
78.45
2.88
78.31
-19.95
17.96
-81.28
-73.99
57.35
73.54
-119.19
50.12
-111.03
-116.45
-113.47
58.46
-105.65
-32.20
76.45
65.25
-112.87
77.30
53.53
68.21
80.30
64.02
67.91
54.42
-103.94
60.87
-9.05
-107.65
62.93
83.23
-93.53
42.92
15.29
-70.74
17.18
74.27
4.34
-103.97
-49.19
-85.78
59.59
84.55
89.04
35.28
-19.96
69.50
67.39
88.32
-45.94
20.73
56.52
80.55
-37.45
-95.11
94.59
-83.57
-82.00
-85.18
67.73
-9.27
-49.73
-51.49
-76.29
25.78
-3.18
-79.90
108.88
-59.51
-33.75
123.64
-62.78
-43.97
42.79
-21.46
-1.55
3.57
-53.47
94.19
112.29
-77.62
58.44
8.48
66.22
-79.51
-55.14
99.64
8.55
-104.79
-68.74
-95.26
42.78
63.78
68.15
24.64
-130.12
47.80
-9.67
59.86
-110.02
-122.65
57.10
-131.42
61.73
70.39
93.79
-96.12
57.15
21.93
95.51
-35.49
-8.37
12.52
169.94
170.66
147.00
34.01
4.64
76.53
-16.88
128.23
-82.28
-63.65
-17.53
-20.60
105.99
-90.65
-11.77
88.87
-52.64
94.61
-75.88
19.42
-80.78
-88.83
-76.82
-85.20
-45.09
36.70
7.23
25.76
108.18
-31.40
-6.98
91.73
-49.22
119.75
120.08
74.99
34.11
94.20
-46.39
6.25
141.56
97.87
11.27
62.28
120.50
-68.13
128.87
-42.53
120.92
119.78
105.86
-24.80
42.10
77.96
32.26
-52.21
70.65
21.65
-0.20
30.12
54.67
-96.65
-30.88
77.41
93.13
-90.97
78.06
-114.81
-105.18
70.70
29.63
-118.19
50.76
-29.04
-105.51
86.10
84.05
78.70
63.09
-113.62
87.42
-106.71
-35.68
56.96
77.09
-87.90
-70.20
34.76
51.31
-44.42
-111.72
-71.40
89.55
57.83
-99.68
-85.80
-92.23
-54.05
-20.33
32.81
-54.02
-81.81
88.94
-86.45
47.53
-41.95
78.23
-4.04
73.95
-7.53
-42.45
86.39
71.82
78.90
64.07
83.68
-2.61
15.31
66.89
-74.59
-102.82
10.45
18.61
-101.30
-99.85
-31.27
-105.19
-78.81
-108.72
-61.63
78.92
2.23
94.51
71.98
100.50
-81.94
91.80
-85.66
76.11
89.68
39.56
61.45
107.59
-72.65
-77.67
111.04
-74.10
-71.44
73.19
112.27
-60.45
74.71
86.75
68.06
87.93
-74.83
111.71
-22.78
-70.54
-91.55
99.71
-34.45
103.99
-35.71
-99.75
-113.25
-106.17
66.65
-118.48
-17.04
79.76
-103.24
-17.04
-89.80
65.39
-39.94
-61.75
-76.35
-54.93
64.56
82.23
27.56
64.46
20.05
-77.51
125.85
123.55
-38.94
79.31
44.01
111.06
155.92
142.08
22.79
-58.80
124.68
-80.87
-47.27
-29.88
-67.53
-2.55
8.06
72.31
90.24
1.77
60.50
-18.15
0.45
89.37
2.08
-92.87
-14.79
-80.36
-94.74
120.27
110.19
28.21
-15.53
-80.86
65.30
-31.17
-75.53
-65.92
-64.35
-77.16
-25.88
-77.84
39.57
-82.57
-9.45
47.92
110.95
85.71
-69.76
-10.92
103.14
-72.61
-6.60
-89.22
-60.16
-31.42
93.95
-93.22
35.87
84.07
-69.09
-81.79
-91.77
85.07
-102.05
-110.65
59.39
81.94
61.64
-75.06
55.19
-86.87
-98.31
60.80
-47.41
-108.82
-118.00
22.27
-103.74
-101.41
69.92
81.46
54.77
79.62
-96.90
-115.64
52.38
20.34
52.80
-94.72
70.59
-117.22
79.62
73.94
77.28
-64.40
-105.94
86.61
1.47
-9.85
81.19
85.65
78.16
-91.68
-4.68
-126.37
-99.88
-31.80
-94.12
-89.61
-29.24
-78.15
-88.49
-107.29
-104.73
78.08
-113.39
-116.83
-98.17
4.30
-35.43
-76.24
37.82
-116.63
-8.69
-45.03
58.71
-116.11
27.09
67.32
85.03
-78.07
-102.07
-106.59
-58.02
87.22
-99.67
48.18
-116.26
81.82
-92.94
-96.30
-12.47
-72.61
-90.27
106.83
-88.53
41.97
93.60
-8.58
-90.83
-86.20
-82.59
69.98
111.14
-96.94
-97.53
-62.94
107.37
49.98
7.78
89.35
86.92
-90.63
-75.40
78.10
-101.34
-98.20
66.59
50.29
81.76
-90.49
-76.02
76.02
57.36
73.08
61.25
-127.20
65.47
16.76
-48.53
15.17
-118.60
-63.78
48.58
-65.78
43.28
49.77
59.76
-73.79
74.24
112.69
134.09
-57.40
45.71
-75.38
-9.31
-72.43
-89.12
-56.13
-97.03
-43.25
-57.21
-92.76
-72.67
-100.40
-58.59
-100.52
76.09
69.84
12.61
84.11
-100.38
-84.98
68.78
78.69
-60.78
-105.11
77.49
-100.30
90.60
-54.78
-57.11
-103.21
-0.08
-103.30
-94.97
-37.74
86.87
20.98
-24.96
-69.28
7.28
47.29
-54.19
-82.74
86.91
36.83
79.56
81.28
-113.27
-111.71
-46.17
-79.04
38.40
-121.14
72.55
-75.36
-26.53
-16.82
-83.98
-48.19
68.33
-77.05
-130.30
62.14
-82.30
30.81
14.85
22.21
-108.17
-78.76
-119.91
80.18
72.50
-71.48
-96.39
-77.19
73.13
51.45
-46.20
-58.72
14.01
-26.02
10.52
-109.76
-68.59
-70.47
81.74
54.57
38.53
-118.61
75.52
-8.66
47.10
31.98
-96.04
-80.60
-111.80
-41.39
-51.18
79.71
-84.22
58.41
-2.76
-92.12
55.05
48.55
60.73
-96.02
75.22
78.29
-13.93
51.75
-80.29
-62.16
64.43
-57.29
-128.36
-73.10
12.60
46.16
-123.77
-65.73
53.02
46.13
-125.44
55.82
-5.32
9.88
67.25
13.50
50.25
59.26
51.64
63.56
61.54
-110.16
-134.77
67.54
-41.55
-99.03
50.39
59.85
-47.97
-123.11
58.87
-100.57
-67.00
-110.26
56.87
85.09
65.61
-114.86
71.21
-112.27
-89.10
89.66
-101.35
83.31
74.35
77.19
-17.33
-106.30
-13.15
38.56
20.27
-7.40
-121.69
-20.67
64.84
-75.49
74.25
-130.81
26.23
52.56
-103.72
36.54
-51.90
-53.73
-93.71
-42.71
58.50
38.60
-34.02
71.23
-118.98
-25.08
36.72
71.84
-122.07
71.76
49.11
21.02
-13.40
-120.48
-4.57
11.54
70.26
67.47
-53.23
-21.65
28.00
73.72
-84.98
-27.91
-89.93
-97.28
-42.61
42.83
-41.53
-4.18
17.19
-114.94
-49.41
-88.98
-29.89
-82.28
-7.32
-100.58
79.83
-100.10
-77.02
78.33
-108.57
-104.65
83.93
64.78
-14.29
39.29
-98.58
-32.20
-91.67
-4.18
-124.00
-130.66
65.07
-129.51
-70.82
44.20
23.78
-111.94
-145.43
-74.20
31.87
-132.51
45.74
-16.61
-30.16
-76.18
-132.83
58.14
-151.77
7.65
46.85
-128.57
-55.14
-100.17
-120.07
-5.29
-43.26
76.62
-91.57
-59.08
-107.56
94.43
9.57
-86.46
-8.92
-92.22
-89.10
37.12
93.58
-33.88
-92.30
-72.89
86.52
104.22
-24.48
-90.42
-62.55
-101.55
54.00
-80.18
72.19
88.17
-98.57
-103.84
76.10
33.10
-71.22
-108.85
-46.74
74.93
61.39
-102.11
-23.95
90.33
59.72
-70.15
100.09
-92.53
-113.85
-93.45
-91.89
-16.85
98.86
-70.57
-45.27
80.76
-113.00
79.52
-41.77
-95.80
-2.39
56.12
59.34
-32.80
-127.46
49.11
67.61
-83.00
-115.49
-101.72
78.36
61.81
-102.07
90.93
98.90
-37.20
-52.96
-89.87
-71.05
-81.06
-29.63
103.52
97.53
-48.92
116.99
-92.01
-81.15
114.91
79.10
-10.60
110.56
97.67
74.96
-12.79
88.75
104.76
-4.46
-90.07
-18.06
100.78
-88.98
79.68
58.35
-75.03
87.36
50.00
31.33
-80.93
-84.21
-38.62
74.47
-29.67
-97.88
89.00
-69.07
54.29
-109.19
-54.58
-64.69
77.65
90.99
97.31
-66.34
-102.41
94.09
-21.48
-54.71
103.18
86.28
-78.22
-65.39
77.60
88.53
-24.50
-29.08
-73.43
-104.28
88.06
-98.22
72.75
-61.67
47.08
-27.42
8.48
-39.34
42.89
-72.87
-115.18
33.27
-3.97
73.41
12.76
-108.39
-73.81
-9.01
-95.90
3.96
96.53
-81.57
-88.41
84.41
99.35
105.83
-53.58
-88.60
106.11
80.47
-21.28
-87.76
109.00
65.79
94.43
-56.68
102.10
-41.91
106.52
109.78
-73.66
82.25
113.89
114.32
30.28
11.65
-66.90
5.81
-83.05
-49.69
75.77
-54.31
-66.97
94.00
88.99
-84.30
48.11
58.89
-15.50
-74.02
118.27
97.90
-83.14
7.28
-59.49
118.03
22.15
-74.75
-77.34
-57.74
113.33
71.27
-67.21
110.24
28.16
91.48
76.13
87.80
-104.24
-96.61
81.89
-71.62
-95.79
27.11
89.59
-103.20
91.44
-71.17
-81.17
5.00
96.77
91.21
73.64
-90.50
70.40
74.94
20.23
102.80
94.22
86.38
90.36
91.25
83.61
84.15
45.01
77.15
-89.40
57.14
80.80
76.96
-86.19
-64.21
84.47
-36.69
47.56
-63.92
103.25
88.13
-76.57
-63.79
72.71
74.89
111.41
-35.86
41.11
10.12
86.43
-39.18
-1.19
-31.20
-35.70
125.25
122.91
-40.34
50.78
-17.74
0.82
142.44
158.03
38.76
17.12
100.39
-36.29
-59.91
122.02
23.17
114.82
-82.05
40.17
-24.26
44.53
35.25
97.69
-85.65
-74.68
58.82
73.83
97.75
98.94
33.88
-80.62
101.35
-63.47
-70.28
83.75
59.24
21.74
66.30
-94.01
-45.91
94.63
-31.37
71.38
-49.54
-11.75
-49.88
2.14
-97.43
-99.17
-96.42
23.50
41.55
-93.80
-86.43
-51.57
77.12
70.65
-65.11
50.85
65.38
-32.26
76.77
-4.10
-91.60
49.67
61.81
-87.33
-50.32
-111.62
-124.57
-71.95
38.72
61.40
47.66
59.64
50.38
-24.96
-51.55
-17.42
102.75
100.27
-52.19
113.09
118.42
75.86
101.96
-19.74
-64.13
78.77
-43.93
-52.07
43.95
-67.17
-66.47
114.18
75.38
-73.19
116.63
-67.75
-24.40
-39.60
107.20
-41.41
-41.92
100.31
-34.03
107.23
104.91
-86.54
12.53
95.00
-45.44
-56.59
41.18
107.27
57.44
-13.66
80.47
87.75
121.43
143.67
70.21
147.87
81.48
122.77
138.10
-22.49
86.24
130.61
-60.01
113.10
115.05
28.80
-98.39
-64.25
-110.37
93.57
83.65
-95.08
71.71
-96.83
-98.77
62.82
-32.27
-6.68
85.62
-52.22
92.12
89.70
99.20
-74.47
-97.93
-11.26
-92.97
6.11
-56.84
-71.88
-67.89
-23.29
114.70
-55.59
17.42
-76.70
-39.80
103.92
-94.42
31.60
21.81
-131.83
61.47
-2.16
-108.65
39.45
-26.98
25.33
12.99
4.34
-14.40
-82.08
-13.73
-1.63
129.91
-22.13
22.88
-21.08
100.39
-10.38
43.78
79.43
39.86
-10.18
165.55
82.55
151.01
128.35
20.22
16.78
155.90
167.41
20.85
-42.80
0.31
-27.73
97.65
137.59
-35.31
79.80
-39.72
120.77
-73.39
95.95
-1.56
-94.06
75.78
30.21
90.58
-8.05
-13.88
-81.16
88.96
-36.05
89.93
-37.14
94.54
47.51
-22.70
-43.56
-101.94
100.95
-3.44
97.36
-79.74
-2.66
75.64
94.59
-42.79
38.23
-103.00
-79.13
26.04
75.53
73.27
56.38
19.39
20.88
-101.39
-65.11
-41.04
-85.15
58.86
-114.25
-114.77
-90.24
50.40
-145.61
-11.06
-34.60
41.10
-78.93
-76.48
66.19
-126.74
20.05
-47.67
80.36
-114.63
-72.56
81.21
-82.95
100.18
-37.89
15.63
-77.65
48.69
2.42
22.32
-68.18
5.52
52.74
77.10
-106.73
78.79
-47.47
38.91
-66.76
18.97
44.77
40.78
-155.13
-146.61
-21.58
-114.96
31.04
55.13
-146.10
-98.08
11.91
-91.20
-115.99
-84.82
48.30
43.74
-101.76
77.15
85.22
110.55
119.79
-53.91
53.14
113.01
147.32
30.12
101.10
-43.80
-44.83
137.91
87.44
30.36
131.92
91.50
-74.32
12.46
99.61
-103.29
92.00
13.40
7.35
43.04
-115.74
-110.11
69.48
56.26
73.32
-45.62
-61.65
54.71
61.48
-7.55
92.66
50.70
109.04
-81.59
-53.69
28.86
105.07
112.49
-62.81
72.87
-69.29
48.35
-86.49
8.26
38.64
25.09
-178.24
-54.46
-197.35
-243.66
-65.43
-256.53
-195.33
-276.73
-96.03
-182.65
-138.75
-85.19
-233.04
-33.12
-195.99
27.82
-139.01
-142.79
-107.35
-8.77
25.30
11.21
96.08
114.67
102.03
137.34
138.66
12.32
-16.34
-10.24
165.16
4.50
-9.18
74.89
-18.53
125.18
-28.95
-36.20
143.53
79.64
130.15
16.56
92.54
-81.07
-28.55
-55.36
61.91
-104.97
-90.91
-73.65
18.06
-105.47
-99.07
81.52
15.30
54.96
-74.55
-108.95
73.45
-19.28
-103.98
-118.24
89.02
71.82
-40.04
-86.08
-3.45
3.43
61.00
79.11
47.92
76.97
-85.82
32.69
-24.04
-12.38
-90.39
51.82
-134.44
43.04
-59.11
-25.09
4.02
-140.78
49.32
-6.84
31.66
28.88
1.37
-89.32
-141.72
