90.64
33.22
-123.92
80.79
-113.63
47.35
65.56
-81.63
-115.41
73.48
-109.87
-108.95
-102.39
-101.20
-111.01
43.79
-42.13
-46.85
-117.79
-47.71
87.24
-84.22
-89.80
-89.73
-14.46
40.55
36.88
29.22
61.44
46.42
-79.10
5.98
95.33
-37.50
117.24
115.77
-7.41
-10.96
116.00
23.31
126.32
129.72
144.62
106.24
65.53
22.00
-3.67
-12.27
46.22
66.56
160.25
-31.73
115.25
62.27
152.57
62.41
-26.17
-42.42
121.74
4.35
120.91
44.90
-31.75
-46.77
48.76
89.06
25.87
55.01
-127.72
39.16
-123.62
-174.92
2.51
-3.49
-62.39
-91.83
-98.34
-52.45
-225.75
-206.05
-165.92
-196.76
-241.74
-167.91
-200.65
-33.86
-154.65
-31.28
-107.10
-18.33
66.23
115.02
120.98
147.39
177.82
69.97
40.96
-56.28
-78.03
4.38
69.02
8.81
-159.31
-153.93
-183.15
-27.10
-29.96
-27.85
-170.77
-167.58
21.38
-98.89
35.88
1.01
23.90
-117.42
-72.04
-74.21
86.04
110.65
93.16
-68.91
140.58
26.91
55.83
-23.04
128.99
7.02
140.34
-34.05
144.60
-17.25
88.96
31.77
-16.62
-21.43
77.56
33.32
-18.85
136.89
98.47
-35.17
-0.88
-41.82
78.92
-14.64
139.28
111.56
134.62
9.28
128.60
74.09
-74.15
-87.65
32.66
71.70
83.22
108.52
101.23
341.96
29.08
37.13
-90.93
12.90
20.95
-100.59
-79.53
-112.98
-112.97
-113.06
81.14
85.97
23.12
-8.25
-52.25
58.43
-48.64
50.26
74.92
-114.14
73.32
85.98
-117.90
-40.45
76.16
-100.84
80.65
74.68
-62.34
-107.74
56.06
81.92
67.02
-113.09
-36.53
-110.47
69.90
83.82
74.94
-105.54
-59.65
64.93
-59.58
-22.13
-21.10
-108.27
-87.74
-106.58
52.76
72.92
-85.88
-116.57
48.31
84.16
85.73
76.66
-77.09
95.07
-72.64
55.25
-72.09
95.45
24.28
-73.18
18.14
114.05
112.55
-56.79
-30.27
5.14
-59.12
120.02
127.92
36.18
110.29
77.52
92.92
38.46
142.36
-44.55
130.92
148.65
151.25
93.50
92.83
-10.44
123.90
-57.60
-54.42
130.91
-13.25
110.69
64.87
-65.45
98.41
87.37
88.21
31.22
-112.22
-101.98
44.03
-153.74
-156.11
-118.21
-165.21
13.88
-130.25
-13.16
-78.39
-173.40
-59.21
16.70
-75.20
0.50
-26.32
-7.47
4.88
-1.20
-82.36
134.52
21.28
-1.07
39.81
159.70
78.38
134.41
141.75
53.08
97.09
69.88
-103.73
-112.61
-93.38
54.20
-102.92
43.14
30.16
-129.92
-74.01
52.06
-126.17
-10.36
24.15
-9.62
-90.99
-21.42
-91.30
-77.88
116.16
110.66
125.84
-68.29
47.96
55.68
125.55
97.33
-48.29
54.33
39.77
149.70
-29.64
-27.50
9.85
-24.39
149.84
108.39
60.28
2.46
-27.94
-46.77
-45.81
142.60
35.25
80.20
117.53
47.91
-14.33
-27.29
50.82
84.09
-70.59
112.19
-80.51
-13.46
-39.95
96.75
20.50
-69.01
95.07
53.45
69.19
-11.92
85.36
91.90
15.32
-29.35
34.77
84.06
84.47
-76.65
-90.51
-81.86
66.62
-1.29
54.65
-97.26
-20.18
75.67
-105.83
-108.92
-73.83
39.89
53.50
76.90
-80.20
-71.36
-33.93
46.24
80.85
-108.10
-5.83
65.83
68.83
-82.62
89.69
-119.04
25.56
-105.78
-98.22
76.34
-40.56
59.52
-12.68
-84.27
-66.46
-38.23
42.49
49.36
-104.14
80.33
33.66
45.31
-47.37
-20.68
-48.72
78.46
0.40
-53.08
43.18
-90.31
109.29
71.80
-47.60
-25.33
-48.65
76.58
-21.95
84.78
-10.08
37.66
78.14
67.98
-71.95
-64.18
129.52
-10.46
-20.28
-57.80
-53.66
75.79
-47.03
136.61
-0.56
140.75
144.14
-56.49
104.96
39.40
19.89
75.52
60.75
-89.07
76.81
63.07
-48.35
-20.44
-26.90
-57.97
75.75
-111.85
-112.44
-134.26
29.37
57.83
48.22
-159.42
-137.14
41.31
-101.43
-109.39
4.26
62.56
64.26
86.39
73.85
15.95
-60.13
-44.05
172.06
29.71
120.49
190.66
14.19
-0.61
143.29
48.16
126.82
-78.58
-101.41
-29.08
67.33
49.31
61.71
-79.36
-23.30
-93.72
-25.15
-24.67
-2.10
-64.93
-22.14
5.27
-87.95
-17.94
46.62
99.79
-16.24
112.16
-44.77
-12.91
-63.53
-52.23
25.48
74.15
107.10
107.02
124.22
87.86
129.56
-49.08
-51.49
128.36
-56.72
-32.22
109.86
134.14
119.23
64.87
63.46
80.19
-14.20
114.92
-21.14
-70.10
39.20
38.45
-72.84
-45.16
99.49
101.24
-87.61
74.67
54.65
-91.58
93.66
10.08
-30.25
-90.26
-99.45
78.22
-93.99
-83.67
84.40
60.21
77.77
2.26
77.74
-20.47
17.48
-81.72
-74.40
56.96
73.18
-119.53
49.80
-111.34
-116.74
-113.75
58.18
-105.92
-32.46
76.19
64.99
-113.13
77.04
53.27
67.95
80.04
63.77
67.66
54.17
-104.18
60.63
-9.29
-107.88
62.72
83.04
-93.71
42.76
15.16
-70.84
17.11
74.23
4.35
-103.92
-49.09
-85.63
59.81
84.84
89.39
35.71
-19.45
70.10
68.09
89.12
-45.03
21.76
57.67
81.83
-36.04
-93.56
96.29
-81.70
-79.97
-82.98
70.11
-6.71
-46.98
-48.53
-73.12
29.15
0.42
-76.08
112.94
-55.20
-29.20
128.45
-57.70
-38.63
48.41
-15.56
4.63
10.05
-46.69
101.27
119.68
-69.92
66.46
16.83
74.90
-70.50
-45.80
109.33
18.58
-94.42
-58.01
-84.18
54.21
75.56
80.29
37.13
-117.26
61.01
3.89
73.78
-95.74
-108.02
72.09
-116.08
77.42
86.44
110.18
-79.39
74.21
39.33
113.24
-17.44
10.00
31.21
180.36
149.56
126.27
13.66
-15.33
56.95
-36.06
109.43
-100.68
-81.65
-35.13
-37.80
89.20
-107.05
-27.76
73.29
-67.82
79.83
-90.26
5.44
-94.36
-102.02
-89.62
-97.60
-57.11
25.07
-4.02
14.88
97.67
-41.54
-16.76
82.30
-58.29
111.03
111.70
66.94
26.39
86.80
-53.47
-0.52
135.09
91.69
5.38
56.67
115.16
-73.20
124.06
-47.09
116.60
115.69
102.00
-28.44
38.67
74.73
29.23
-55.05
67.99
19.16
-2.52
27.96
52.65
-98.52
-32.62
75.80
91.64
-92.35
76.79
-115.98
-106.25
69.72
28.73
-119.02
50.00
-29.74
-106.15
85.52
83.51
78.20
62.63
-114.04
87.03
-107.07
-36.03
56.64
76.78
-88.20
-70.48
34.49
51.04
-44.68
-111.98
-71.66
89.29
57.57
-99.94
-86.06
-92.49
-54.30
-20.58
32.56
-54.27
-82.05
88.70
-86.67
47.31
-42.15
78.04
-4.20
73.81
-7.65
-42.54
86.33
71.80
78.92
64.14
83.80
-2.44
15.54
67.18
-74.23
-102.38
10.97
19.22
-100.59
-99.04
-30.36
-104.17
-77.68
-107.46
-60.24
80.44
3.90
96.32
73.95
102.63
-79.64
94.27
-83.01
78.94
92.70
42.78
64.87
111.23
-68.80
-73.60
115.34
-69.57
-66.67
78.20
117.53
-54.94
80.48
92.78
74.36
94.50
-67.99
118.83
-15.38
-62.85
-83.58
107.97
-25.90
112.84
-26.57
-90.31
-103.51
-96.13
76.99
-107.84
-6.09
91.00
-91.70
-5.20
-77.66
77.83
-27.21
-48.73
-63.03
-41.33
78.44
96.40
42.00
79.17
35.03
-62.26
141.35
139.31
-22.94
95.55
31.66
92.22
137.44
123.97
5.05
-76.17
107.68
-97.49
-63.50
-45.74
-83.01
-17.66
-6.66
57.96
76.27
-11.82
47.28
-31.00
-12.03
77.25
-9.67
-104.26
-25.82
-91.04
-105.07
110.29
100.55
18.91
-24.50
-89.50
56.99
-39.16
-83.22
-73.30
-71.43
-83.94
-32.37
-84.06
33.63
-88.24
-14.86
42.77
106.05
81.04
-74.19
-15.12
99.16
-76.38
-10.16
-92.59
-63.33
-34.41
91.14
-95.86
33.39
81.75
-71.26
-83.82
-93.67
83.31
-103.69
-112.17
57.98
80.63
60.42
-76.18
54.16
-87.83
-99.19
59.99
-48.16
-109.51
-118.64
21.68
-104.28
-101.91
69.46
81.03
54.37
79.24
-97.25
-115.98
52.06
20.04
52.51
-95.01
70.31
-117.49
79.36
73.68
77.02
-64.66
-106.20
86.35
1.21
-10.11
80.93
85.40
77.91
-91.93
-4.93
-126.61
-100.12
-32.02
-94.34
-89.82
-29.43
-78.33
-88.65
-107.43
-104.84
78.00
-113.44
-116.86
-98.16
4.36
-35.33
-76.10
38.01
-116.38
-8.38
-44.66
59.15
-115.60
27.67
67.97
85.77
-77.24
-101.15
-105.57
-56.91
88.44
-98.34
49.62
-114.71
83.50
-91.14
-94.38
-10.41
-70.42
-87.93
109.31
-85.91
44.74
96.53
-5.50
-87.59
-82.80
-79.03
73.71
115.03
-92.87
-93.29
-58.53
111.97
54.76
12.74
94.48
92.23
-85.13
-69.72
83.96
-95.30
-91.98
73.00
56.88
88.53
-83.54
-68.89
83.32
64.84
80.73
69.07
-119.21
73.63
25.08
-40.05
23.81
-109.81
-54.84
57.67
-56.55
52.65
59.27
69.39
-64.04
84.11
122.67
132.21
-70.80
32.60
-88.20
-21.83
-84.67
-101.05
-67.77
-108.38
-54.31
-67.99
-103.24
-82.87
-110.31
-68.22
-109.87
67.02
61.05
4.09
75.86
-108.37
-92.71
61.32
71.48
-67.73
-111.81
71.02
-106.52
84.62
-60.53
-62.64
-108.52
-5.17
-108.18
-99.63
-42.21
82.60
16.90
-28.85
-72.99
3.75
43.93
-57.38
-85.77
84.04
34.10
76.97
78.84
-115.58
-113.89
-48.23
-80.97
36.58
-122.85
70.94
-76.87
-27.95
-18.15
-85.22
-49.35
67.24
-78.06
-131.24
61.25
-83.12
30.04
14.14
21.54
-108.80
-79.34
-120.45
79.67
72.03
-71.93
-96.81
-77.58
72.75
51.09
-46.54
-59.05
13.70
-26.32
10.23
-110.04
-68.86
-70.74
81.47
54.31
38.27
-118.86
75.26
-8.92
46.84
31.72
-96.30
-80.86
-112.06
-41.65
-51.43
79.46
-84.47
58.16
-3.01
-92.36
54.81
48.31
60.50
-96.24
75.00
78.09
-14.13
51.56
-80.47
-62.32
64.28
-57.43
-128.47
-73.19
12.52
46.11
-123.80
-65.74
53.03
46.17
-125.37
55.91
-5.20
10.03
67.43
13.71
50.50
59.54
51.94
63.90
61.92
-109.75
-134.32
68.02
-41.04
-98.48
50.98
60.48
-47.32
-122.42
59.60
-99.81
-66.20
-109.43
57.72
85.98
66.53
-113.92
72.18
-111.27
-88.07
90.70
-100.29
84.39
75.45
78.30
-16.21
-105.16
-12.00
39.71
21.43
-6.25
-120.54
-19.53
65.97
-74.37
75.35
-129.73
27.30
53.59
-102.71
37.52
-50.97
-52.83
-92.86
-41.91
59.25
39.30
-33.39
71.80
-118.47
-24.65
37.08
72.12
-123.20
68.02
44.94
17.01
-17.25
-124.19
-8.13
8.12
66.98
64.33
-56.23
-24.52
25.26
71.10
-87.48
-30.28
-92.19
-99.43
-44.65
40.89
-43.36
-5.92
15.55
-116.48
-50.87
-90.35
-29.92
-82.31
-7.36
-100.62
79.78
-100.14
-77.06
78.29
-108.61
-104.70
83.88
64.74
-14.33
39.25
-98.62
-32.24
-91.71
-4.22
-124.03
-130.69
65.05
-129.54
-70.84
44.19
23.77
-111.94
-145.43
-74.20
31.88
-132.50
45.76
-16.58
-30.21
-76.24
-132.90
58.06
-151.85
7.56
46.75
-128.68
-55.25
-100.28
-120.20
-5.42
-43.39
76.48
-91.72
-59.22
-107.71
94.28
9.42
-86.62
-9.08
-92.38
-89.26
36.97
93.43
-34.03
-92.44
-73.03
86.38
104.09
-24.60
-90.53
-62.66
-101.64
53.91
-80.25
72.13
88.13
-98.60
-103.85
76.11
33.12
-71.18
-108.79
-46.66
75.03
61.52
-101.96
-23.77
90.53
59.94
-69.90
100.37
-92.22
-113.51
-93.09
-91.49
-16.41
99.32
-70.07
-44.74
81.32
-112.41
80.15
-41.11
-95.10
-1.66
56.89
60.14
-31.96
-126.59
50.01
68.55
-82.03
-114.48
-100.68
79.43
60.98
-103.44
89.53
97.46
-38.67
-54.45
-91.40
-72.60
-82.63
-31.23
101.90
95.88
-50.59
115.31
-93.71
-82.87
113.19
77.36
-12.34
108.80
95.91
73.20
-14.55
87.00
103.01
-6.21
-91.81
-19.78
99.07
-90.66
78.02
56.70
-76.64
85.77
48.44
29.80
-82.42
-85.65
-40.02
73.12
-30.98
-99.13
87.80
-70.21
53.21
-110.21
-55.54
-65.58
76.84
90.25
96.64
-66.93
-102.92
93.67
-21.82
-54.96
103.02
86.22
-78.19
-65.26
77.82
88.85
-24.07
-28.55
-72.80
-103.55
88.90
-97.27
73.80
-60.51
48.36
-26.04
9.98
-37.73
44.60
-71.05
-113.25
35.32
-1.82
75.67
15.13
-105.92
-71.23
-6.33
-93.12
6.84
99.51
-78.50
-85.24
87.66
102.69
109.25
-50.08
-85.02
109.77
84.20
-17.49
-83.90
112.92
69.76
98.45
-52.61
106.21
-37.76
110.70
113.98
-69.43
86.49
118.14
118.58
34.54
6.85
-71.69
1.04
-87.81
-54.42
71.07
-58.96
-71.58
89.44
84.49
-88.73
43.74
54.61
-19.70
-78.14
114.25
93.98
-86.94
3.58
-63.06
114.59
18.84
-77.93
-80.37
-60.61
110.61
68.71
-69.59
108.02
26.12
89.63
74.46
86.33
-105.51
-97.67
81.03
-72.27
-96.23
26.89
89.59
-102.98
91.89
-70.49
-80.25
6.15
98.15
92.84
75.51
-88.40
72.75
77.53
23.06
105.87
97.53
89.93
94.15
95.28
87.87
88.65
49.74
82.11
-84.21
62.55
86.43
82.80
-80.14
-57.95
90.94
-30.02
54.41
-56.88
110.47
95.52
-69.02
-56.07
80.58
82.90
113.53
-44.90
31.94
0.84
77.05
-48.66
-10.76
-40.84
-45.41
115.48
113.09
-50.20
40.90
-27.64
-9.08
132.55
148.16
28.92
7.32
90.63
-45.98
-69.52
112.49
13.73
105.50
-91.25
31.11
-33.18
35.76
26.65
89.27
-93.88
-82.71
51.00
66.23
90.39
91.83
27.02
-87.21
95.04
-69.49
-76.01
78.33
54.13
16.95
61.84
-98.12
-49.67
91.22
-34.41
68.71
-51.83
-13.66
-51.40
1.01
-98.15
-99.49
-96.33
24.00
42.47
-92.46
-84.67
-49.39
79.72
73.69
-61.65
54.74
69.69
-27.52
81.92
1.48
-85.61
56.07
68.62
-80.11
-42.69
-103.60
-116.16
-63.16
47.89
70.94
57.56
69.90
60.98
-14.03
-40.29
-5.84
114.63
112.44
-39.74
125.80
131.39
89.07
115.40
-6.09
-50.28
92.81
-29.73
-37.71
58.45
-52.55
-51.75
128.99
90.26
-58.26
131.60
-52.76
-9.40
-24.62
122.14
-26.52
-51.53
84.51
-49.72
91.66
89.49
-101.80
-2.55
80.12
-60.09
-71.01
27.02
93.39
43.84
-26.95
67.52
75.14
109.19
131.80
58.74
136.81
70.85
112.60
128.39
-31.72
77.49
122.37
-67.74
105.91
108.40
22.71
-103.91
-69.19
-114.72
89.82
80.50
-97.61
69.81
-98.09
-99.40
62.84
-31.61
-5.35
87.61
-49.57
95.43
93.67
103.84
-69.16
-91.96
-4.62
-85.67
14.08
-48.22
-62.61
-57.97
-12.74
125.89
-43.78
29.84
-63.67
-26.17
118.13
-79.64
46.95
37.70
-115.40
78.41
15.29
-90.72
57.85
-8.13
44.62
32.70
24.43
6.07
-61.25
7.43
10.09
109.39
-45.45
-0.69
-44.87
76.40
-34.53
19.48
55.01
15.34
-34.77
140.93
57.91
126.38
103.76
-4.30
-7.65
131.58
143.24
-3.14
-66.58
-23.25
-51.02
74.65
114.90
-57.66
57.82
-61.30
99.61
-94.10
75.71
-21.31
-113.27
57.12
12.12
73.09
-24.92
-30.10
-96.72
74.09
-50.21
76.50
-49.82
82.63
36.38
-33.02
-53.06
-110.60
93.15
-10.38
91.30
-84.91
-6.93
72.28
92.16
-44.29
37.67
-102.61
-77.80
28.33
78.77
77.47
61.55
25.52
27.97
-93.34
-56.11
-31.09
-74.26
70.69
-101.49
-101.09
-75.65
65.90
-129.24
6.19
-16.49
60.06
-59.15
-55.89
87.57
-104.59
42.95
-24.05
104.69
-89.63
-46.90
107.50
-56.06
127.64
-9.88
44.16
-48.63
78.16
32.32
52.61
-37.53
36.49
84.01
108.63
-74.98
110.72
-15.38
71.11
-34.48
51.29
77.09
73.07
-122.92
-114.51
10.37
-119.09
-2.09
22.26
-178.66
-130.31
-19.93
-122.63
-146.97
-115.31
18.34
14.35
-130.55
49.00
57.74
83.78
93.76
-79.16
28.70
89.41
124.59
8.30
80.21
-63.73
-63.77
119.99
70.57
14.56
117.21
77.90
-86.78
1.17
89.49
-112.21
84.30
6.92
2.12
39.07
-118.44
-111.54
69.34
57.42
75.78
-41.84
-56.57
61.11
69.19
1.47
102.98
62.33
121.97
-67.37
-38.19
45.64
123.11
131.77
-42.29
94.60
-46.37
72.46
-61.22
34.65
66.15
53.68
-148.58
-23.76
-165.65
-210.99
-31.82
-222.01
-159.93
-240.50
-58.99
-144.85
-100.22
-45.98
-193.18
7.34
-168.09
10.44
-182.83
-187.04
-151.99
-53.75
-19.96
-34.30
50.38
68.83
56.10
91.36
92.69
-33.59
-62.15
-55.89
119.71
-40.68
-54.05
30.38
-62.62
81.55
-72.06
-78.75
101.59
38.37
89.59
-23.24
53.55
-119.20
-65.78
-91.64
26.62
-139.23
-124.08
-105.71
-12.83
-135.15
-127.51
54.36
-10.55
30.46
-97.67
-130.65
53.20
-38.05
-121.25
-133.98
74.84
59.21
-51.05
-95.46
-11.20
-2.66
56.57
76.37
46.87
77.61
-83.47
36.75
-18.26
-4.89
-81.18
62.74
-121.81
57.37
-43.08
-7.37
23.40
-119.74
72.00
17.46
57.56
56.36
30.41
-58.76
-109.66
