37775
37956
38220
38553
38608
38427
38396
38393
38190
38200
38039
38211
38279
38578
38514
38304
38339
38339
38328
38315
38296
38416
38695
38816
38974
38795
38711
38640
38678
38684
38801
38985
39023
38935
39192
39278
39352
39016
39089
38928
38986
38850
38789
38756
38909
38918
38744
38752
38537
38525
38337
38301
38401
38667
38779
38691
38612
38633
38888
38732
38451
38461
38605
38514
38517
38579
38519
38181
38023
37910
38217
37891
38064
37897
38044
38045
38035
38053
38204
38277
38066
38095
38026
37982
38189
38197
38304
38318
38274
38465
38380
38474
38631
38352
38526
38346
38392
38561
38674
38792
38905
38597
38708
38863
38829
38556
38265
38156
38036
38203
38264
38444
38459
38724
38657
38606
38655
38370
38345
38148
38118
38148
38277
38222
38344
38252
38328
38353
38600
38622
38550
38804
39145
39116
39432
39165
39240
39055
39119
39188
39251
38987
39120
38933
38804
38797
38758
38554
38577
38473
38622
38446
38510
38399
38128
38051
37888
37915
37784
37655
37492
37340
37268
37323
37482
37570
37693
37603
37675
37647
37691
37762
37614
37843
37841
38000
37853
37962
37784
37700
37816
37618
37704
37622
37681
37401
37556
37568
37461
37587
37810
37694
37536
37614
37520
37757
37723
38002
37774
37629
37838
37938
38053
38286
38093
38106
38099
38274
38634
38558
38763
38383
38549
38300
38323
38182
38233
38316
38522
38543
38465
38605
38720
38736
38692
38411
38561
38726
38793
38891
39258
39450
39443
39244
39215
39193
39169
39026
38872
38912
38945
38816
39014
38961
38959
39007
38953
38729
38899
38755
38718
38732
38994
38648
38577
38543
38307
38439
38586
38598
38357
38318
38208
38153
38279
38568
38789
38944
38759
38632
38301
38229
38140
38314
38402
38644
38689
38390
38390
38089
38039
38074
37852
37732
38003
38047
37760
38001
37891
37992
37970
38166
38325
38321
38569
38546
38627
38431
38432
38460
38374
38179
38073
37738
37781
37622
37610
37618
37778
37735
37726
37902
37950
38037
37880
38008
38007
37940
37678
37580
37449
37458
37342
37384
37294
37016
37224
37369
37419
37158
37461
37489
37590
37850
37874
38018
37840
37991
38033
38000
38010
37692
37644
37760
37887
38144
38381
38326
38186
38085
38027
37949
37971
37733
37772
38028
38223
38339
38493
38317
38269
38268
38386
38318
38259
38266
38390
38415
38620
38509
38711
38876
38757
38767
38873
39080
39093
38963
39060
39109
38996
39208
39194
39512
39669
39779
39662
39668
39657
39907
40041
39969
39614
39732
39531
39480
39474
39544
39642
39666
39518
39548
39407
39546
39672
39862
40028
39840
39560
39607
39366
39550
39469
39462
39175
39000
38986
39255
39152
39228
39464
39236
39142
39118
39157
38838
38872
38853
38826
38971
39315
39458
39449
39625
39519
39583
39687
39652
39607
39637
39510
39545
39520
39456
39253
39326
39327
39547
39343
39296
39218
39267
39517
39495
39480
39527
39270
39157
39163
39304
39502
39414
39464
39431
39431
39421
39392
39175
39072
38985
39244
39149
39284
39327
39495
39567
39568
39749
40008
40263
40123
40259
40150
40333
40314
40541
40735
41021
41057
41074
40999
41106
41055
40968
40982
40971
41058
41249
41451
41542
41733
41893
41738
41718
42082
42250
42285
42588
42542
42795
43138
43451
43645
43776
44079
44203
44226
44394
44302
44226
44185
44144
44076
44086
44256
44103
44257
44164
44080
43947
43910
43927
43762
44100
44459
44410
44457
44576
44488
44478
44328
44408
44453
44609
44702
44767
44916
45141
45418
45426
45627
45917
46117
46326
46516
46637
46472
46521
46561
46570
46552
46549
46602
46464
46508
46158
46058
45779
45985
46348
46371
46400
46262
46182
45946
45824
45495
45291
45022
44804
44622
44547
44593
44746
44466
44512
44393
44193
44229
44219
44420
44332
44171
44267
44580
44557
44593
44797
44768
44683
44678
44712
44904
44779
44405
44433
44527
44278
44420
44462
44219
44213
44361
44710
44524
44674
44662
44870
44661
44379
44189
44148
43934
44172
43944
43681
43767
43781
43622
43528
43572
43448
43583
43756
43950
43831
43865
43947
44132
43813
43544
43453
43339
43577
43436
43309
43276
43176
43302
43498
43464
43484
43601
43654
43444
43519
43415
43724
43658
43596
43392
43524
43530
43760
43585
43549
43466
43129
42906
43071
43172
43318
43099
43245
42984
42922
42979
43364
43518
43399
43373
43418
43121
43331
43361
43278
42994
42930
42884
42808
42951
42925
43018
43035
43133
43371
43491
43841
43667
43656
43549
43329
43396
43408
43685
43624
43513
43710
43716
43489
43512
43303
43491
43436
43525
43445
43698
44036
44271
44093
44198
44333
44423
44560
44843
44982
45174
45126
45170
45143
45193
45187
45393
45583
45506
45423
45490
45467
45436
45589
45436
45392
45189
45056
45072
45177
45326
45258
45164
45085
45057
45044
45010
45296
45359
45484
45308
45196
45275
45092
45123
45170
45278
45501
45820
45953
46087
46172
46427
46444
46470
46482
46543
46342
46331
46043
46428
46601
46453
46607
46572
46665
46359
46454
46470
46512
46573
46460
46581
46550
46806
46543
46653
46842
47144
46940
46991
46997
46782
46548
46781
47003
46809
47080
46867
46856
46848
46652
46684
46625
46301
46499
46319
46500
46303
46098
46339
46507
46481
46259
46348
46265
46172
46397
46217
46375
46465
46714
46361
46349
46491
46233
46025
45896
46067
46052
46017
46017
46092
46108
46201
46185
46174
46273
46260
46316
46053
46068
46419
46254
46229
46250
46040
46141
46485
46838
47230
47298
47123
47168
47168
47085
47186
47104
47142
47081
47179
47359
47476
47594
47579
47671
47646
47550
47414
47445
47300
47371
47509
47351
47410
47139
47046
47053
46950
47328
47006
46935
47080
47109
46887
46857
47168
47234
47137
47222
47118
46841
46860
47009
46756
46652
46548
46404
46260
46375
46412
46616
46504
46155
46327
46246
46315
45926
45951
45928
46050
46300
46131
46107
46195
46317
46296
46094
45857
45780
45692
46001
46202
46161
46285
46181
46188
46241
46387
46222
46372
46270
46473
46336
46087
46160
46207
46176
46556
46741
46765
46615
46504
46285
46173
46381
46202
46388
46627
46556
46353
46160
46165
46353
46424
46574
46655
46536
46744
46760
46708
47042
46747
46926
47178
47197
47233
46909
47025
46925
47119
47161
47098
47062
47219
47215
47227
47401
47513
47447
47139
47248
47053
46868
46759
46801
46868
47150
47100
46823
46855
46811
46740
46381
46263
46345
46416
46158
46053
46078
45993
46120
46077
45980
46255
46412
46460
46155
46212
46393
46361
46560
46436
46692
46718
46793
46685
46415
46092
45804
45731
45519
45460
45609
45439
45642
45732
45544
45778
45435
45611
45279
45491
45565
45538
45322
45178
45273
45489
45487
45704
45932
45786
45628
45632
45682
45632
45868
46241
46320
46260
46383
46343
46340
46484
46694
46701
46706
46761
46866
46714
47038
47323
47540
47618
47854
48114
48022
47963
47786
47712
48088
47986
48108
47975
47737
47544
47597
47875
47914
47634
47688
47602
47516
47678
47835
47739
47685
47854
47622
47703
47722
47674
48008
47754
47941
48000
47702
47526
47691
47937
47920
47897
47880
47748
47644
47648
47541
47608
47743
47957
47811
48032
47972
47809
47869
48036
48066
48265
48056
47940
48021
48031
47904
47697
47657
47957
47645
47525
47788
47542
47214
46958
46718
46592
46577
46210
46256
46492
46504
46138
46195
46301
46286
46226
46284
46378
46476
46354
46207
46242
45953
46082
46101
46070
46247
46051
45878
45936
46049
46025
46090
45819
46059
46094
46445
46446
46493
46515
46558
46734
46773
46751
46699
46880
46607
46763
46514
46591
46523
46378
46392
46253
46295
46672
46829
46865
46775
46888
47252
47524
47449
47346
47332
47643
47463
47575
47398
47499
47460
47139
47491
47190
47291
46998
46979
46984
47042
47017
46709
46815
46697
46985
47206
47186
46979
47028
47218
47224
47094
46805
47099
47014
46764
46793
46676
46446
46378
46593
46560
46305
46494
46582
46499
46727
46607
46662
46660
46718
46463
46290
46171
46111
46041
